INT	INT	INT	INT	INT	INT	INT	INT	INT	INT	INT	INT	INT	INT	INT	INT	INT	INT	INT
技能ID	品阶	技能类型	10级技能	20级技能	30级技能	40级技能	50级技能	60级技能	70级技能	80级技能	90级技能	100级技能	110级技能	120级技能	130级	140级技能	150级技能	160级技能
#外功攻击
274	200	1	32000	32001	32002	32003	32004	32005	32006	32007	32008	32009	32010	32011	32012	32013	32014	32015
274	400	1	23000	23001	23002	23003	23004	23005	23006	23007	23008	23009	23010	23011	23012	23013	23014	23015
274	600	1	23410	23411	23412	23413	23414	23415	23416	23417	23418	23419	23420	23421	23422	23423	23424	23425
274	800	1	23820	23821	23822	23823	23824	23825	23826	23827	23828	23829	23830	23831	23832	23833	23834	23835
274	1000	1	24230	24231	24232	24233	24234	24235	24236	24237	24238	24239	24240	24241	24242	24243	24244	24245
#内功攻击
274	200	2	32016	32017	32018	32019	32020	32021	32022	32023	32024	32025	32026	32027	32028	32029	32030	32031
274	400	2	23016	23017	23018	23019	23020	23021	23022	23023	23024	23025	23026	23027	23028	23029	23030	23031
274	600	2	23426	23427	23428	23429	23430	23431	23432	23433	23434	23435	23436	23437	23438	23439	23440	23441
274	800	2	23836	23837	23838	23839	23840	23841	23842	23843	23844	23845	23846	23847	23848	23849	23850	23851
274	1000	2	24246	24247	24248	24249	24250	24251	24252	24253	24254	24255	24256	24257	24258	24259	24260	24261
#冰属性攻击
274	200	3	32032	32033	32034	32035	32036	32037	32038	32039	32040	32041	32042	32043	32044	32045	32046	32047
274	400	3	23032	23033	23034	23035	23036	23037	23038	23039	23040	23041	23042	23043	23044	23045	23046	23047
274	600	3	23442	23443	23444	23445	23446	23447	23448	23449	23450	23451	23452	23453	23454	23455	23456	23457
274	800	3	23852	23853	23854	23855	23856	23857	23858	23859	23860	23861	23862	23863	23864	23865	23866	23867
274	1000	3	24262	24263	24264	24265	24266	24267	24268	24269	24270	24271	24272	24273	24274	24275	24276	24277
#火属性攻击
274	200	4	32048	32049	32050	32051	32052	32053	32054	32055	32056	32057	32058	32059	32060	32061	32062	32063
274	400	4	23048	23049	23050	23051	23052	23053	23054	23055	23056	23057	23058	23059	23060	23061	23062	23063
274	600	4	23458	23459	23460	23461	23462	23463	23464	23465	23466	23467	23468	23469	23470	23471	23472	23473
274	800	4	23868	23869	23870	23871	23872	23873	23874	23875	23876	23877	23878	23879	23880	23881	23882	23883
274	1000	4	24278	24279	24280	24281	24282	24283	24284	24285	24286	24287	24288	24289	24290	24291	24292	24293
#玄属性攻击
274	200	5	32064	32065	32066	32067	32068	32069	32070	32071	32072	32073	32074	32075	32076	32077	32078	32079
274	400	5	23064	23065	23066	23067	23068	23069	23070	23071	23072	23073	23074	23075	23076	23077	23078	23079
274	600	5	23474	23475	23476	23477	23478	23479	23480	23481	23482	23483	23484	23485	23486	23487	23488	23489
274	800	5	23884	23885	23886	23887	23888	23889	23890	23891	23892	23893	23894	23895	23896	23897	23898	23899
274	1000	5	24294	24295	24296	24297	24298	24299	24300	24301	24302	24303	24304	24305	24306	24307	24308	24309
#毒属性攻击
274	200	6	32080	32081	32082	32083	32084	32085	32086	32087	32088	32089	32090	32091	32092	32093	32094	32095
274	400	6	23080	23081	23082	23083	23084	23085	23086	23087	23088	23089	23090	23091	23092	23093	23094	23095
274	600	6	23490	23491	23492	23493	23494	23495	23496	23497	23498	23499	23500	23501	23502	23503	23504	23505
274	800	6	23900	23901	23902	23903	23904	23905	23906	23907	23908	23909	23910	23911	23912	23913	23914	23915
274	1000	6	24310	24311	24312	24313	24314	24315	24316	24317	24318	24319	24320	24321	24322	24323	24324	24325
#直接伤害
274	200	7	32096	32097	32098	32099	32100	32101	32102	32103	32104	32105	32106	32107	32108	32109	32110	32111
274	400	7	23096	23097	23098	23099	23100	23101	23102	23103	23104	23105	23106	23107	23108	23109	23110	23111
274	600	7	23506	23507	23508	23509	23510	23511	23512	23513	23514	23515	23516	23517	23518	23519	23520	23521
274	800	7	23916	23917	23918	23919	23920	23921	23922	23923	23924	23925	23926	23927	23928	23929	23930	23931
274	1000	7	24326	24327	24328	24329	24330	24331	24332	24333	24334	24335	24336	24337	24338	24339	24340	24341
#持续伤害
274	200	8	32112	32113	32114	32115	32116	32117	32118	32119	32120	32121	32122	32123	32124	32125	32126	32127
274	400	8	23112	23113	23114	23115	23116	23117	23118	23119	23120	23121	23122	23123	23124	23125	23126	23127
274	600	8	23522	23523	23524	23525	23526	23527	23528	23529	23530	23531	23532	23533	23534	23535	23536	23537
274	800	8	23932	23933	23934	23935	23936	23937	23938	23939	23940	23941	23942	23943	23944	23945	23946	23947
274	1000	8	24342	24343	24344	24345	24346	24347	24348	24349	24350	24351	24352	24353	24354	24355	24356	24357
#降低内外功攻击
275	200	1	32144	32145	32146	32147	32148	32149	32150	32151	32152	32153	32154	32155	32156	32157	32158	32159
275	400	1	23144	23145	23146	23147	23148	23149	23150	23151	23152	23153	23154	23155	23156	23157	23158	23159
275	600	1	23554	23555	23556	23557	23558	23559	23560	23561	23562	23563	23564	23565	23566	23567	23568	23569
275	800	1	23964	23965	23966	23967	23968	23969	23970	23971	23972	23973	23974	23975	23976	23977	23978	23979
275	1000	1	24374	24375	24376	24377	24378	24379	24380	24381	24382	24383	24384	24385	24386	24387	24388	24389
#降低内外功防御
275	200	2	32160	32161	32162	32163	32164	32165	32166	32167	32168	32169	32170	32171	32172	32173	32174	32175
275	400	2	23160	23161	23162	23163	23164	23165	23166	23167	23168	23169	23170	23171	23172	23173	23174	23175
275	600	2	23570	23571	23572	23573	23574	23575	23576	23577	23578	23579	23580	23581	23582	23583	23584	23585
275	800	2	23980	23981	23982	23983	23984	23985	23986	23987	23988	23989	23990	23991	23992	23993	23994	23995
275	1000	2	24390	24391	24392	24393	24394	24395	24396	24397	24398	24399	24400	24401	24402	24403	24404	24405
#降低移动速度
275	200	3	32176	32177	32178	32179	32180	32181	32182	32183	32184	32185	32186	32187	32188	32189	32190	32191
275	400	3	23176	23177	23178	23179	23180	23181	23182	23183	23184	23185	23186	23187	23188	23189	23190	23191
275	600	3	23586	23587	23588	23589	23590	23591	23592	23593	23594	23595	23596	23597	23598	23599	23600	23601
275	800	3	23996	23997	23998	23999	24000	24001	24002	24003	24004	24005	24006	24007	24008	24009	24010	24011
275	1000	3	24406	24407	24408	24409	24410	24411	24412	24413	24414	24415	24416	24417	24418	24419	24420	24421
#定身
275	200	4	32192	32193	32194	32195	32196	32197	32198	32199	32200	32201	32202	32203	32204	32205	32206	32207
275	400	4	23192	23193	23194	23195	23196	23197	23198	23199	23200	23201	23202	23203	23204	23205	23206	23207
275	600	4	23602	23603	23604	23605	23606	23607	23608	23609	23610	23611	23612	23613	23614	23615	23616	23617
275	800	4	24012	24013	24014	24015	24016	24017	24018	24019	24020	24021	24022	24023	24024	24025	24026	24027
275	1000	4	24422	24423	24424	24425	24426	24427	24428	24429	24430	24431	24432	24433	24434	24435	24436	24437
#散功
275	200	5	32208	32209	32210	32211	32212	32213	32214	32215	32216	32217	32218	32219	32220	32221	32222	32223
275	400	5	23208	23209	23210	23211	23212	23213	23214	23215	23216	23217	23218	23219	23220	23221	23222	23223
275	600	5	23618	23619	23620	23621	23622	23623	23624	23625	23626	23627	23628	23629	23630	23631	23632	23633
275	800	5	24028	24029	24030	24031	24032	24033	24034	24035	24036	24037	24038	24039	24040	24041	24042	24043
275	1000	5	24438	24439	24440	24441	24442	24443	24444	24445	24446	24447	24448	24449	24450	24451	24452	24453
#失明
275	200	6	32224	32225	32226	32227	32228	32229	32230	32231	32232	32233	32234	32235	32236	32237	32238	32239
275	400	6	23224	23225	23226	23227	23228	23229	23230	23231	23232	23233	23234	23235	23236	23237	23238	23239
275	600	6	23634	23635	23636	23637	23638	23639	23640	23641	23642	23643	23644	23645	23646	23647	23648	23649
275	800	6	24044	24045	24046	24047	24048	24049	24050	24051	24052	24053	24054	24055	24056	24057	24058	24059
275	1000	6	24454	24455	24456	24457	24458	24459	24460	24461	24462	24463	24464	24465	24466	24467	24468	24469
#恐惧
275	200	7	32240	32241	32242	32243	32244	32245	32246	32247	32248	32249	32250	32251	32252	32253	32254	32255
275	400	7	23240	23241	23242	23243	23244	23245	23246	23247	23248	23249	23250	23251	23252	23253	23254	23255
275	600	7	23650	23651	23652	23653	23654	23655	23656	23657	23658	23659	23660	23661	23662	23663	23664	23665
275	800	7	24060	24061	24062	24063	24064	24065	24066	24067	24068	24069	24070	24071	24072	24073	24074	24075
275	1000	7	24470	24471	24472	24473	24474	24475	24476	24477	24478	24479	24480	24481	24482	24483	24484	24485
#点穴
275	200	8	32256	32257	32258	32259	32260	32261	32262	32263	32264	32265	32266	32267	32268	32269	32270	32271
275	400	8	23256	23257	23258	23259	23260	23261	23262	23263	23264	23265	23266	23267	23268	23269	23270	23271
275	600	8	23666	23667	23668	23669	23670	23671	23672	23673	23674	23675	23676	23677	23678	23679	23680	23681
275	800	8	24076	24077	24078	24079	24080	24081	24082	24083	24084	24085	24086	24087	24088	24089	24090	24091
275	1000	8	24486	24487	24488	24489	24490	24491	24492	24493	24494	24495	24496	24497	24498	24499	24500	24501
#麻痹
275	200	9	32272	32273	32274	32275	32276	32277	32278	32279	32280	32281	32282	32283	32284	32285	32286	32287
275	400	9	23272	23273	23274	23275	23276	23277	23278	23279	23280	23281	23282	23283	23284	23285	23286	23287
275	600	9	23682	23683	23684	23685	23686	23687	23688	23689	23690	23691	23692	23693	23694	23695	23696	23697
275	800	9	24092	24093	24094	24095	24096	24097	24098	24099	24100	24101	24102	24103	24104	24105	24106	24107
275	1000	9	24502	24503	24504	24505	24506	24507	24508	24509	24510	24511	24512	24513	24514	24515	24516	24517
#围困
275	200	10	32288	32289	32290	32291	32292	32293	32294	32295	32296	32297	32298	32299	32300	32301	32302	32303
275	400	10	23288	23289	23290	23291	23292	23293	23294	23295	23296	23297	23298	23299	23300	23301	23302	23303
275	600	10	23698	23699	23700	23701	23702	23703	23704	23705	23706	23707	23708	23709	23710	23711	23712	23713
275	800	10	24108	24109	24110	24111	24112	24113	24114	24115	24116	24117	24118	24119	24120	24121	24122	24123
275	1000	10	24518	24519	24520	24521	24522	24523	24524	24525	24526	24527	24528	24529	24530	24531	24532	24533
#昏睡
275	200	11	32304	32305	32306	32307	32308	32309	32310	32311	32312	32313	32314	32315	32316	32317	32318	32319
275	400	11	23304	23305	23306	23307	23308	23309	23310	23311	23312	23313	23314	23315	23316	23317	23318	23319
275	600	11	23714	23715	23716	23717	23718	23719	23720	23721	23722	23723	23724	23725	23726	23727	23728	23729
275	800	11	24124	24125	24126	24127	24128	24129	24130	24131	24132	24133	24134	24135	24136	24137	24138	24139
275	1000	11	24534	24535	24536	24537	24538	24539	24540	24541	24542	24543	24544	24545	24546	24547	24548	24549
#增加自身力量
276	200	1	32320	32321	32322	32323	32324	32325	32326	32327	32328	32329	32330	32331	32332	32333	32334	32335
276	400	1	23320	23321	23322	23323	23324	23325	23326	23327	23328	23329	23330	23331	23332	23333	23334	23335
276	600	1	23730	23731	23732	23733	23734	23735	23736	23737	23738	23739	23740	23741	23742	23743	23744	23745
276	800	1	24140	24141	24142	24143	24144	24145	24146	24147	24148	24149	24150	24151	24152	24153	24154	24155
276	1000	1	24550	24551	24552	24553	24554	24555	24556	24557	24558	24559	24560	24561	24562	24563	24564	24565
#增加自身灵气
276	200	2	32336	32337	32338	32339	32340	32341	32342	32343	32344	32345	32346	32347	32348	32349	32350	32351
276	400	2	23336	23337	23338	23339	23340	23341	23342	23343	23344	23345	23346	23347	23348	23349	23350	23351
276	600	2	23746	23747	23748	23749	23750	23751	23752	23753	23754	23755	23756	23757	23758	23759	23760	23761
276	800	2	24156	24157	24158	24159	24160	24161	24162	24163	24164	24165	24166	24167	24168	24169	24170	24171
276	1000	2	24566	24567	24568	24569	24570	24571	24572	24573	24574	24575	24576	24577	24578	24579	24580	24581
#增加自身体力
276	200	3	32352	32353	32354	32355	32356	32357	32358	32359	32360	32361	32362	32363	32364	32365	32366	32367
276	400	3	23352	23353	23354	23355	23356	23357	23358	23359	23360	23361	23362	23363	23364	23365	23366	23367
276	600	3	23762	23763	23764	23765	23766	23767	23768	23769	23770	23771	23772	23773	23774	23775	23776	23777
276	800	3	24172	24173	24174	24175	24176	24177	24178	24179	24180	24181	24182	24183	24184	24185	24186	24187
276	1000	3	24582	24583	24584	24585	24586	24587	24588	24589	24590	24591	24592	24593	24594	24595	24596	24597
#增加自身定力
276	200	4	32368	32369	32370	32371	32372	32373	32374	32375	32376	32377	32378	32379	32380	32381	32382	32383
276	400	4	23368	23369	23370	23371	23372	23373	23374	23375	23376	23377	23378	23379	23380	23381	23382	23383
276	600	4	23778	23779	23780	23781	23782	23783	23784	23785	23786	23787	23788	23789	23790	23791	23792	23793
276	800	4	24188	24189	24190	24191	24192	24193	24194	24195	24196	24197	24198	24199	24200	24201	24202	24203
276	1000	4	24598	24599	24600	24601	24602	24603	24604	24605	24606	24607	24608	24609	24610	24611	24612	24613
#增加自身身法
276	200	5	32384	32385	32386	32387	32388	32389	32390	32391	32392	32393	32394	32395	32396	32397	32398	32399
276	400	5	23384	23385	23386	23387	23388	23389	23390	23391	23392	23393	23394	23395	23396	23397	23398	23399
276	600	5	23794	23795	23796	23797	23798	23799	23800	23801	23802	23803	23804	23805	23806	23807	23808	23809
276	800	5	24204	24205	24206	24207	24208	24209	24210	24211	24212	24213	24214	24215	24216	24217	24218	24219
276	1000	5	24614	24615	24616	24617	24618	24619	24620	24621	24622	24623	24624	24625	24626	24627	24628	24629
#增加血上限，气上限
276	200	6	21110	21110	21110	21110	21110	21110	21110	21110	21110	21110	21110	21110	21110	21110	21110	21110
276	400	6	21113	21113	21113	21113	21113	21113	21113	21113	21113	21113	21113	21113	21113	21113	21113	21113
276	600	6	21116	21116	21116	21116	21116	21116	21116	21116	21116	21116	21116	21116	21116	21116	21116	21116
276	800	6	21119	21119	21119	21119	21119	21119	21119	21119	21119	24213	24214	24215	24215	24215	24215	24215
276	1000	6	21122	21122	21122	21122	21122	21122	21122	21122	21122	21122	21122	21122	21122	21122	21122	21122
#增加外功攻击，外功防御
276	200	7	21111	21111	21111	21111	21111	21111	21111	21111	21111	21111	21111	21111	21111	21111	21111	21111
276	400	7	21114	21114	21114	21114	21114	21114	21114	21114	21114	21114	21114	21114	21114	21114	21114	21114
276	600	7	21117	21117	21117	21117	21117	21117	21117	21117	21117	21117	21117	21117	21117	21117	21117	21117
276	800	7	21120	21120	21120	21120	21120	21120	21120	21120	21120	21120	21120	21120	21120	21120	21120	21120
276	1000	7	21123	21123	21123	21123	21123	21123	21123	21123	21123	21123	21123	21123	21123	21123	21123	21123
#增加内功攻击，内功防御
276	200	8	21112	21112	21112	21112	21112	21112	21112	21112	21112	21112	21112	21112	21112	21112	21112	21112
276	400	8	21115	21115	21115	21115	21115	21115	21115	21115	21115	21115	21115	21115	21115	21115	21115	21115
276	600	8	21118	21118	21118	21118	21118	21118	21118	21118	21118	21118	21118	21118	21118	21118	21118	21118
276	800	8	21121	21121	21121	21121	21121	21121	21121	21121	21121	21121	21121	21121	21121	21121	21121	21121
276	1000	8	21124	21124	21124	21124	21124	21124	21124	21124	21124	21124	21124	21124	21124	21124	21124	21124
#增加血上限
276	200	9	32400	32400	32400	32400	32400	32400	32400	32400	32400	32400	32400	32400	32400	32400	32400	32400
276	400	9	23400	23400	23400	23400	23400	23400	23400	23400	23400	23400	23400	23400	23400	23400	23400	23400
276	600	9	23810	23810	23810	23810	23810	23810	23810	23810	23810	23810	23810	23810	23810	23810	23810	23810
276	800	9	24220	24220	24220	24220	24220	24220	24220	24220	24220	24220	24220	24220	24220	24220	24220	24220
276	1000	9	24630	24630	24630	24630	24630	24630	24630	24630	24630	24630	24630	24630	24630	24630	24630	24630
#增加气上限
276	200	10	32401	32401	32401	32401	32401	32401	32401	32401	32401	32401	32401	32401	32401	32401	32401	32401
276	400	10	23401	23401	23401	23401	23401	23401	23401	23401	23401	23401	23401	23401	23401	23401	23401	23401
276	600	10	23811	23811	23811	23811	23811	23811	23811	23811	23811	23811	23811	23811	23811	23811	23811	23811
276	800	10	24221	24221	24221	24221	24221	24221	24221	24221	24221	24221	24221	24221	24221	24221	24221	24221
276	1000	10	24631	24631	24631	24631	24631	24631	24631	24631	24631	24631	24631	24631	24631	24631	24631	24631
#增加外功攻击
276	200	11	32402	32402	32402	32402	32402	32402	32402	32402	32402	32402	32402	32402	32402	32402	32402	32402
276	400	11	23402	23402	23402	23402	23402	23402	23402	23402	23402	23402	23402	23402	23402	23402	23402	23402
276	600	11	23812	23812	23812	23812	23812	23812	23812	23812	23812	23812	23812	23812	23812	23812	23812	23812
276	800	11	24222	24222	24222	24222	24222	24222	24222	24222	24222	24222	24222	24222	24222	24222	24222	24222
276	1000	11	24632	24632	24632	24632	24632	24632	24632	24632	24632	24632	24632	24632	24632	24632	24632	24632
#增加内功攻击
276	200	12	32403	32403	32403	32403	32403	32403	32403	32403	32403	32403	32403	32403	32403	32403	32403	32403
276	400	12	23403	23403	23403	23403	23403	23403	23403	23403	23403	23403	23403	23403	23403	23403	23403	23403
276	600	12	23813	23813	23813	23813	23813	23813	23813	23813	23813	23813	23813	23813	23813	23813	23813	23813
276	800	12	24223	24223	24223	24223	24223	24223	24223	24223	24223	24223	24223	24223	24223	24223	24223	24223
276	1000	12	24633	24633	24633	24633	24633	24633	24633	24633	24633	24633	24633	24633	24633	24633	24633	24633
#增加外功防御
276	200	13	32404	32404	32404	32404	32404	32404	32404	32404	32404	32404	32404	32404	32404	32404	32404	32404
276	400	13	23404	23404	23404	23404	23404	23404	23404	23404	23404	23404	23404	23404	23404	23404	23404	23404
276	600	13	23814	23814	23814	23814	23814	23814	23814	23814	23814	23814	23814	23814	23814	23814	23814	23814
276	800	13	24224	24224	24224	24224	24224	24224	24224	24224	24224	24224	24224	24224	24224	24224	24224	24224
276	1000	13	24634	24634	24634	24634	24634	24634	24634	24634	24634	24634	24634	24634	24634	24634	24634	24634
#增加内功防御
276	200	14	32405	32405	32405	32405	32405	32405	32405	32405	32405	32405	32405	32405	32405	32405	32405	32405
276	400	14	23405	23405	23405	23405	23405	23405	23405	23405	23405	23405	23405	23405	23405	23405	23405	23405
276	600	14	23815	23815	23815	23815	23815	23815	23815	23815	23815	23815	23815	23815	23815	23815	23815	23815
276	800	14	24225	24225	24225	24225	24225	24225	24225	24225	24225	24225	24225	24225	24225	24225	24225	24225
276	1000	14	24635	24635	24635	24635	24635	24635	24635	24635	24635	24635	24635	24635	24635	24635	24635	24635
#回复x%的血
276	200	15	32406	32406	32406	32406	32406	32406	32406	32406	32406	32406	32406	32406	32406	32406	32406	32406
276	400	15	23406	23406	23406	23406	23406	23406	23406	23406	23406	23406	23406	23406	23406	23406	23406	23406
276	600	15	23816	23816	23816	23816	23816	23816	23816	23816	23816	23816	23816	23816	23816	23816	23816	23816
276	800	15	24226	24226	24226	24226	24226	24226	24226	24226	24226	24226	24226	24226	24226	24226	24226	24226
276	1000	15	24636	24636	24636	24636	24636	24636	24636	24636	24636	24636	24636	24636	24636	24636	24636	24636