INT	INT	INT	INT	INT	INT	INT	STRING
ID	éÛ	áÅ
1	1	100	1	1	1	-1	#G
2	2	101	1	1	1	-1	#G
3	3	102	1	1	1	-1	#G
4	4	103	1	1	1	-1	#G
5	5	104	1	1	1	-1	#G
6	6	105	1	1	2	-1	#G
7	7	106	1	1	3	-1	#G
8	8	107	1	1	4	-1	#G
9	9	108	1	1	5	-1	#G
10	10	109	1	1	6	-1	#G
11	11	110	1	1	7	-1	#G
12	12	111	1	1	8	-1	#G
13	13	112	1	1	9	-1	#G
14	14	113	1	1	10	-1	#G
15	15	114	1	1	11	-1	#G
16	16	115	1	1	12	-1	#G
17	17	116	1	1	13	-1	#G
18	18	117	1	1	14	-1	#G
19	19	118	1	1	15	-1	#G
20	20	119	1	1	16	-1	#G
21	22	121	1	1	17	-1	#G
22	23	122	1	1	18	-1	#G
23	24	123	1	1	19	-1	#G
24	25	124	1	1	20	-1	#G
25	26	125	1	1	21	-1	#G
26	27	126	1	1	22	-1	#G
27	28	127	1	1	23	-1	#G
28	29	128	1	1	24	-1	#G
29	30	129	1	1	25	-1	#G
30	31	130	1	1	26	-1	#G
31	32	131	1	1	27	-1	#G
32	33	132	1	1	28	-1	#G
33	34	133	1	1	29	-1	#G
34	35	134	1	1	30	-1	#G
35	36	135	1	1	31	-1	#G
36	37	136	1	1	32	-1	#G
37	38	137	1	1	33	-1	#G
38	39	138	1	1	34	-1	#G
39	40	139	1	1	35	-1	#G
40	41	140	1	1	36	-1	#G
41	42	141	1	1	37	-1	#G
42	43	142	1	1	38	-1	#G
43	44	143	1	1	39	-1	#G
44	46	145	1	1	40	-1	#G
45	45	144	1	1	41	-1	#G
46	47	146	1	1	42	-1	#G
47	48	147	1	1	43	-1	#G
48	49	148	1	1	44	-1	#G
49	50	149	1	1	45	-1	#G
50	51	150	1	1	46	-1	#G
51	52	151	1	1	47	-1	#G
52	53	152	1	1	48	-1	#G
53	54	153	1	1	49	-1	#G
54	55	154	1	1	50	-1	#G
55	56	155	1	1	51	-1	#G
56	57	156	1	1	52	-1	#G
57	58	157	1	1	53	-1	#G
58	59	158	1	1	54	-1	#G