INT	INT	INT	INT	INT	INT	INT	INT	INT	INT	INT	INT
索引	装备点	强化等级	收取金钱	成功率	退化等级	外攻	内攻	外防	内防	命中	闪避
0	0	1	100	3500	0	10	10	10	10	10	10
1	0	2	115	2000	1	15	15	15	15	15	15
2	0	3	132	1000	1	21	21	21	21	21	21
3	0	4	151	500	1	30	30	30	30	30	30
4	0	5	173	500	1	44	44	44	44	44	44
5	0	6	199	200	5	70	70	70	70	70	70
6	0	7	228	200	5	93	93	93	93	93	93
7	0	8	261	200	7	135	135	135	135	135	135
8	0	9	300	200	8	195	195	195	195	195	195
9	0	10	300	1000	9	195	195	195	195	195	195
10	0	11	300	1000	10	195	195	195	195	195	195
11	0	12	300	1000	11	195	195	195	195	195	195
12	0	13	300	1000	12	195	195	195	195	195	195
13	0	14	300	1000	13	195	195	195	195	195	195
14	0	15	300	1000	14	195	195	195	195	195	195
15	0	16	300	1000	15	195	195	195	195	195	195
16	0	17	300	1000	16	195	195	195	195	195	195
17	0	18	300	1000	17	195	195	195	195	195	195
18	0	19	300	1000	18	195	195	195	195	195	195
19	0	20	300	1000	19	195	195	195	195	195	195
20	0	21	300	2666	20	195	195	195	195	195	195
21	0	22	300	1000	21	195	195	195	195	195	195
22	0	23	300	1000	22	195	195	195	195	195	195
23	0	24	300	333	23	195	195	195	195	195	195
24	0	25	300	857	24	195	195	195	195	195	195
25	0	26	300	500	25	195	195	195	195	195	195
26	0	27	300	222	26	195	195	195	195	195	195
27	0	28	300	100	27	195	195	195	195	195	195
28	0	29	300	818	28	195	195	195	195	195	195
29	0	30	300	666	29	195	195	195	195	195	195
30	0	31	300	250	30	195	195	195	195	195	195
31	0	32	300	111	31	195	195	195	195	195	195
32	0	33	300	309	32	195	195	195	195	195	195
33	0	34	300	314	33	195	195	195	195	195	195
34	0	35	300	188	34	195	195	195	195	195	195
35	0	36	300	200	35	195	195	195	195	195	195
36	0	37	300	134	36	195	195	195	195	195	195
37	0	38	300	84	37	195	195	195	195	195	195
38	0	39	300	44	38	195	195	195	195	195	195
39	0	40	300	112	39	195	195	195	195	195	195
40	0	41	300	127	40	195	195	195	195	195	195
41	0	42	300	112	41	195	195	195	195	195	195
42	0	43	300	100	42	195	195	195	195	195	195
43	0	44	300	88	43	195	195	195	195	195	195
44	0	45	300	78	44	195	195	195	195	195	195
45	0	46	300	169	45	195	195	195	195	195	195
46	0	47	300	161	46	195	195	195	195	195	195
47	0	48	300	153	47	195	195	195	195	195	195
48	0	49	300	147	48	195	195	195	195	195	195
49	0	50	300	87	49	195	195	195	195	195	195
50	0	51	300	57	50	195	195	195	195	195	195
51	0	52	300	57	51	195	195	195	195	195	195
52	0	53	300	57	52	195	195	195	195	195	195
53	0	54	300	57	53	195	195	195	195	195	195
54	0	55	300	57	54	195	195	195	195	195	195
55	0	56	300	57	55	195	195	195	195	195	195
56	0	57	300	57	56	195	195	195	195	195	195
57	0	58	300	57	57	195	195	195	195	195	195
58	0	59	300	57	58	195	195	195	195	195	195
59	0	60	300	30	59	195	195	195	195	195	195
60	0	61	300	30	60	195	195	195	195	195	195
61	0	62	300	30	61	195	195	195	195	195	195
62	0	63	300	30	62	195	195	195	195	195	195
63	0	64	300	30	63	195	195	195	195	195	195
64	0	65	300	30	64	195	195	195	195	195	195
65	0	66	300	30	65	195	195	195	195	195	195
66	0	67	300	30	66	195	195	195	195	195	195
67	0	68	300	30	67	195	195	195	195	195	195
68	0	69	300	40	68	195	195	195	195	195	195
69	0	70	300	38	69	195	195	195	195	195	195
70	0	71	300	30	70	195	195	195	195	195	195
71	0	72	300	30	71	195	195	195	195	195	195
72	0	73	300	29	72	195	195	195	195	195	195
73	0	74	300	28	73	195	195	195	195	195	195
74	0	75	300	27	74	195	195	195	195	195	195
75	0	76	300	26	75	195	195	195	195	195	195
76	0	77	300	25	76	195	195	195	195	195	195
77	0	78	300	24	77	195	195	195	195	195	195
78	0	79	300	23	78	195	195	195	195	195	195
79	0	80	300	22	79	195	195	195	195	195	195
80	0	81	300	19	80	195	195	195	195	195	195
81	0	82	300	18	81	195	195	195	195	195	195
82	0	83	300	18	82	195	195	195	195	195	195
83	0	84	300	16	83	195	195	195	195	195	195
84	0	85	300	16	84	195	195	195	195	195	195
85	0	86	300	15	85	195	195	195	195	195	195
86	0	87	300	14	86	195	195	195	195	195	195
87	0	88	300	14	87	195	195	195	195	195	195
88	0	89	300	15	88	195	195	195	195	195	195
89	0	90	300	15	89	195	195	195	195	195	195
90	0	91	300	15	90	195	195	195	195	195	195
91	0	92	300	14	91	195	195	195	195	195	195
92	0	93	300	14	92	195	195	195	195	195	195
93	0	94	300	14	93	195	195	195	195	195	195
94	0	95	300	14	94	195	195	195	195	195	195
95	0	96	300	14	95	195	195	195	195	195	195
96	0	97	300	13	96	195	195	195	195	195	195
97	0	98	300	13	97	195	195	195	195	195	195
98	0	99	300	13	98	195	195	195	195	195	195
99	0	100	0	0	0	195	195	195	195	195	195
100	1	1	100	3500	0	20	20	20	20	20	20
101	1	2	115	2000	1	30	30	30	30	30	30
102	1	3	132	1000	1	42	42	42	42	42	42
103	1	4	151	500	1	60	60	60	60	60	60
104	1	5	173	500	1	88	88	88	88	88	88
105	1	6	199	200	5	140	140	140	140	140	140
106	1	7	228	200	5	186	186	186	186	186	186
107	1	8	261	200	7	270	270	270	270	270	270
108	1	9	300	200	8	390	390	390	390	390	390
109	1	10	173	1000	9	390	390	390	390	390	390
110	1	11	199	1000	10	390	390	390	390	390	390
111	1	12	228	1000	11	390	390	390	390	390	390
112	1	13	261	1000	12	390	390	390	390	390	390
113	1	14	300	1000	13	390	390	390	390	390	390
114	1	15	300	1000	14	390	390	390	390	390	390
115	1	16	300	1000	15	390	390	390	390	390	390
116	1	17	300	1000	16	390	390	390	390	390	390
117	1	18	300	1000	17	390	390	390	390	390	390
118	1	19	300	1000	18	390	390	390	390	390	390
119	1	20	300	1000	19	390	390	390	390	390	390
120	1	21	300	2666	20	390	390	390	390	390	390
121	1	22	300	1000	21	390	390	390	390	390	390
122	1	23	300	1000	22	390	390	390	390	390	390
123	1	24	300	333	23	390	390	390	390	390	390
124	1	25	300	857	24	390	390	390	390	390	390
125	1	26	300	500	25	390	390	390	390	390	390
126	1	27	300	222	26	390	390	390	390	390	390
127	1	28	300	100	27	390	390	390	390	390	390
128	1	29	300	818	28	390	390	390	390	390	390
129	1	30	300	666	29	390	390	390	390	390	390
130	1	31	300	250	30	390	390	390	390	390	390
131	1	32	300	111	31	390	390	390	390	390	390
132	1	33	300	309	32	390	390	390	390	390	390
133	1	34	300	314	33	390	390	390	390	390	390
134	1	35	300	188	34	390	390	390	390	390	390
135	1	36	300	200	35	390	390	390	390	390	390
136	1	37	300	134	36	390	390	390	390	390	390
137	1	38	300	84	37	390	390	390	390	390	390
138	1	39	300	44	38	390	390	390	390	390	390
139	1	40	300	112	39	390	390	390	390	390	390
140	1	41	300	127	40	390	390	390	390	390	390
141	1	42	300	112	41	390	390	390	390	390	390
142	1	43	300	100	42	390	390	390	390	390	390
143	1	44	300	88	43	390	390	390	390	390	390
144	1	45	300	78	44	390	390	390	390	390	390
145	1	46	300	169	45	390	390	390	390	390	390
146	1	47	300	161	46	390	390	390	390	390	390
147	1	48	300	153	47	390	390	390	390	390	390
148	1	49	300	147	48	390	390	390	390	390	390
149	1	50	300	87	49	390	390	390	390	390	390
150	1	51	300	87	50	390	390	390	390	390	390
151	1	52	300	87	51	390	390	390	390	390	390
152	1	53	300	87	52	390	390	390	390	390	390
153	1	54	300	87	53	390	390	390	390	390	390
154	1	55	300	87	54	390	390	390	390	390	390
155	1	56	300	87	55	390	390	390	390	390	390
156	1	57	300	87	56	390	390	390	390	390	390
157	1	58	300	87	57	390	390	390	390	390	390
158	1	59	300	87	58	390	390	390	390	390	390
159	1	60	300	37	59	390	390	390	390	390	390
160	1	61	300	37	60	390	390	390	390	390	390
161	1	62	300	37	61	390	390	390	390	390	390
162	1	63	300	37	62	390	390	390	390	390	390
163	1	64	300	37	63	390	390	390	390	390	390
164	1	65	300	37	64	390	390	390	390	390	390
165	1	66	300	37	65	390	390	390	390	390	390
166	1	67	300	37	66	390	390	390	390	390	390
167	1	68	300	37	67	390	390	390	390	390	390
168	1	69	300	45	68	390	390	390	390	390	390
169	1	70	300	42	69	390	390	390	390	390	390
170	1	71	300	37	70	390	390	390	390	390	390
171	1	72	300	37	71	390	390	390	390	390	390
172	1	73	300	36	72	390	390	390	390	390	390
173	1	74	300	35	73	390	390	390	390	390	390
174	1	75	300	34	74	390	390	390	390	390	390
175	1	76	300	34	75	390	390	390	390	390	390
176	1	77	300	33	76	390	390	390	390	390	390
177	1	78	300	32	77	390	390	390	390	390	390
178	1	79	300	32	78	390	390	390	390	390	390
179	1	80	300	31	79	390	390	390	390	390	390
180	1	81	300	24	80	390	390	390	390	390	390
181	1	82	300	23	81	390	390	390	390	390	390
182	1	83	300	22	82	390	390	390	390	390	390
183	1	84	300	21	83	390	390	390	390	390	390
184	1	85	300	21	84	390	390	390	390	390	390
185	1	86	300	20	85	390	390	390	390	390	390
186	1	87	300	19	86	390	390	390	390	390	390
187	1	88	300	19	87	390	390	390	390	390	390
188	1	89	300	18	88	390	390	390	390	390	390
189	1	90	300	18	89	390	390	390	390	390	390
190	1	91	300	15	90	390	390	390	390	390	390
191	1	92	300	14	91	390	390	390	390	390	390
192	1	93	300	14	92	390	390	390	390	390	390
193	1	94	300	14	93	390	390	390	390	390	390
194	1	95	300	14	94	390	390	390	390	390	390
195	1	96	300	14	95	390	390	390	390	390	390
196	1	97	300	13	96	390	390	390	390	390	390
197	1	98	300	13	97	390	390	390	390	390	390
198	1	99	300	13	98	390	390	390	390	390	390
199	1	100	0	0	0	390	390	390	390	390	390
200	2	1	100	3500	0	10	10	10	10	10	10
201	2	2	115	2000	1	15	15	15	15	15	15
202	2	3	132	1000	1	21	21	21	21	21	21
203	2	4	151	500	1	30	30	30	30	30	30
204	2	5	173	500	1	44	44	44	44	44	44
205	2	6	199	200	5	70	70	70	70	70	70
206	2	7	228	200	5	93	93	93	93	93	93
207	2	8	261	200	7	135	135	135	135	135	135
208	2	9	300	200	8	195	195	195	195	195	195
209	2	10	300	1000	9	195	195	195	195	195	195
210	2	11	300	1000	10	195	195	195	195	195	195
211	2	12	300	1000	11	195	195	195	195	195	195
212	2	13	300	1000	12	195	195	195	195	195	195
213	2	14	300	1000	13	195	195	195	195	195	195
214	2	15	300	1000	14	195	195	195	195	195	195
215	2	16	300	1000	15	195	195	195	195	195	195
216	2	17	300	1000	16	195	195	195	195	195	195
217	2	18	300	1000	17	195	195	195	195	195	195
218	2	19	300	1000	18	195	195	195	195	195	195
219	2	20	300	1000	19	195	195	195	195	195	195
220	2	21	300	2666	20	195	195	195	195	195	195
221	2	22	300	1000	21	195	195	195	195	195	195
222	2	23	300	1000	22	195	195	195	195	195	195
223	2	24	300	333	23	195	195	195	195	195	195
224	2	25	300	857	24	195	195	195	195	195	195
225	2	26	300	500	25	195	195	195	195	195	195
226	2	27	300	222	26	195	195	195	195	195	195
227	2	28	300	100	27	195	195	195	195	195	195
228	2	29	300	818	28	195	195	195	195	195	195
229	2	30	300	666	29	195	195	195	195	195	195
230	2	31	300	250	30	195	195	195	195	195	195
231	2	32	300	111	31	195	195	195	195	195	195
232	2	33	300	309	32	195	195	195	195	195	195
233	2	34	300	314	33	195	195	195	195	195	195
234	2	35	300	188	34	195	195	195	195	195	195
235	2	36	300	200	35	195	195	195	195	195	195
236	2	37	300	134	36	195	195	195	195	195	195
237	2	38	300	84	37	195	195	195	195	195	195
238	2	39	300	44	38	195	195	195	195	195	195
239	2	40	300	112	39	195	195	195	195	195	195
240	2	41	300	127	40	195	195	195	195	195	195
241	2	42	300	112	41	195	195	195	195	195	195
242	2	43	300	100	42	195	195	195	195	195	195
243	2	44	300	88	43	195	195	195	195	195	195
244	2	45	300	78	44	195	195	195	195	195	195
245	2	46	300	169	45	195	195	195	195	195	195
246	2	47	300	161	46	195	195	195	195	195	195
247	2	48	300	153	47	195	195	195	195	195	195
248	2	49	300	147	48	195	195	195	195	195	195
249	2	50	300	87	49	195	195	195	195	195	195
250	2	51	300	87	50	195	195	195	195	195	195
251	2	52	300	87	51	195	195	195	195	195	195
252	2	53	300	87	52	195	195	195	195	195	195
253	2	54	300	87	53	195	195	195	195	195	195
254	2	55	300	87	54	195	195	195	195	195	195
255	2	56	300	87	55	195	195	195	195	195	195
256	2	57	300	87	56	195	195	195	195	195	195
257	2	58	300	87	57	195	195	195	195	195	195
258	2	59	300	87	58	195	195	195	195	195	195
259	2	60	300	37	59	195	195	195	195	195	195
260	2	61	300	37	60	195	195	195	195	195	195
261	2	62	300	37	61	195	195	195	195	195	195
262	2	63	300	37	62	195	195	195	195	195	195
263	2	64	300	37	63	195	195	195	195	195	195
264	2	65	300	37	64	195	195	195	195	195	195
265	2	66	300	37	65	195	195	195	195	195	195
266	2	67	300	37	66	195	195	195	195	195	195
267	2	68	300	37	67	195	195	195	195	195	195
268	2	69	300	45	68	195	195	195	195	195	195
269	2	70	300	42	69	195	195	195	195	195	195
270	2	71	300	37	70	195	195	195	195	195	195
271	2	72	300	37	71	195	195	195	195	195	195
272	2	73	300	36	72	195	195	195	195	195	195
273	2	74	300	35	73	195	195	195	195	195	195
274	2	75	300	34	74	195	195	195	195	195	195
275	2	76	300	34	75	195	195	195	195	195	195
276	2	77	300	33	76	195	195	195	195	195	195
277	2	78	300	32	77	195	195	195	195	195	195
278	2	79	300	32	78	195	195	195	195	195	195
279	2	80	300	31	79	195	195	195	195	195	195
280	2	81	300	24	80	195	195	195	195	195	195
281	2	82	300	23	81	195	195	195	195	195	195
282	2	83	300	22	82	195	195	195	195	195	195
283	2	84	300	21	83	195	195	195	195	195	195
284	2	85	300	21	84	195	195	195	195	195	195
285	2	86	300	20	85	195	195	195	195	195	195
286	2	87	300	19	86	195	195	195	195	195	195
287	2	88	300	19	87	195	195	195	195	195	195
288	2	89	300	18	88	195	195	195	195	195	195
289	2	90	300	18	89	195	195	195	195	195	195
290	2	91	300	15	90	195	195	195	195	195	195
291	2	92	300	14	91	195	195	195	195	195	195
292	2	93	300	14	92	195	195	195	195	195	195
293	2	94	300	14	93	195	195	195	195	195	195
294	2	95	300	14	94	195	195	195	195	195	195
295	2	96	300	14	95	195	195	195	195	195	195
296	2	97	300	13	96	195	195	195	195	195	195
297	2	98	300	13	97	195	195	195	195	195	195
298	2	99	300	13	98	195	195	195	195	195	195
299	2	100	0	0	0	195	195	195	195	195	195
300	3	1	100	3500	0	20	20	20	20	20	20
301	3	2	115	2000	1	30	30	30	30	30	30
302	3	3	132	1000	1	42	42	42	42	42	42
303	3	4	151	500	1	60	60	60	60	60	60
304	3	5	173	500	1	88	88	88	88	88	88
305	3	6	199	200	5	140	140	140	140	140	140
306	3	7	228	200	5	186	186	186	186	186	186
307	3	8	261	200	7	270	270	270	270	270	270
308	3	9	300	200	8	390	390	390	390	390	390
309	3	10	173	1000	9	390	390	390	390	390	390
310	3	11	199	1000	10	390	390	390	390	390	390
311	3	12	228	1000	11	390	390	390	390	390	390
312	3	13	261	1000	12	390	390	390	390	390	390
313	3	14	300	1000	13	390	390	390	390	390	390
314	3	15	300	1000	14	390	390	390	390	390	390
315	3	16	300	1000	15	390	390	390	390	390	390
316	3	17	300	1000	16	390	390	390	390	390	390
317	3	18	300	1000	17	390	390	390	390	390	390
318	3	19	300	1000	18	390	390	390	390	390	390
319	3	20	300	1000	19	390	390	390	390	390	390
320	3	21	300	2666	20	390	390	390	390	390	390
321	3	22	300	1000	21	390	390	390	390	390	390
322	3	23	300	1000	22	390	390	390	390	390	390
323	3	24	300	333	23	390	390	390	390	390	390
324	3	25	300	857	24	390	390	390	390	390	390
325	3	26	300	500	25	390	390	390	390	390	390
326	3	27	300	222	26	390	390	390	390	390	390
327	3	28	300	100	27	390	390	390	390	390	390
328	3	29	300	818	28	390	390	390	390	390	390
329	3	30	300	666	29	390	390	390	390	390	390
330	3	31	300	250	30	390	390	390	390	390	390
331	3	32	300	111	31	390	390	390	390	390	390
332	3	33	300	309	32	390	390	390	390	390	390
333	3	34	300	314	33	390	390	390	390	390	390
334	3	35	300	188	34	390	390	390	390	390	390
335	3	36	300	200	35	390	390	390	390	390	390
336	3	37	300	134	36	390	390	390	390	390	390
337	3	38	300	84	37	390	390	390	390	390	390
338	3	39	300	44	38	390	390	390	390	390	390
339	3	40	300	112	39	390	390	390	390	390	390
340	3	41	300	127	40	390	390	390	390	390	390
341	3	42	300	112	41	390	390	390	390	390	390
342	3	43	300	100	42	390	390	390	390	390	390
343	3	44	300	88	43	390	390	390	390	390	390
344	3	45	300	78	44	390	390	390	390	390	390
345	3	46	300	169	45	390	390	390	390	390	390
346	3	47	300	161	46	390	390	390	390	390	390
347	3	48	300	153	47	390	390	390	390	390	390
348	3	49	300	147	48	390	390	390	390	390	390
349	3	50	300	87	49	390	390	390	390	390	390
350	3	51	300	87	50	390	390	390	390	390	390
351	3	52	300	87	51	390	390	390	390	390	390
352	3	53	300	87	52	390	390	390	390	390	390
353	3	54	300	87	53	390	390	390	390	390	390
354	3	55	300	87	54	390	390	390	390	390	390
355	3	56	300	87	55	390	390	390	390	390	390
356	3	57	300	87	56	390	390	390	390	390	390
357	3	58	300	87	57	390	390	390	390	390	390
358	3	59	300	87	58	390	390	390	390	390	390
359	3	60	300	37	59	390	390	390	390	390	390
360	3	61	300	37	60	390	390	390	390	390	390
361	3	62	300	37	61	390	390	390	390	390	390
362	3	63	300	37	62	390	390	390	390	390	390
363	3	64	300	37	63	390	390	390	390	390	390
364	3	65	300	37	64	390	390	390	390	390	390
365	3	66	300	37	65	390	390	390	390	390	390
366	3	67	300	37	66	390	390	390	390	390	390
367	3	68	300	37	67	390	390	390	390	390	390
368	3	69	300	45	68	390	390	390	390	390	390
369	3	70	300	42	69	390	390	390	390	390	390
370	3	71	300	37	70	390	390	390	390	390	390
371	3	72	300	37	71	390	390	390	390	390	390
372	3	73	300	36	72	390	390	390	390	390	390
373	3	74	300	35	73	390	390	390	390	390	390
374	3	75	300	34	74	390	390	390	390	390	390
375	3	76	300	34	75	390	390	390	390	390	390
376	3	77	300	33	76	390	390	390	390	390	390
377	3	78	300	32	77	390	390	390	390	390	390
378	3	79	300	32	78	390	390	390	390	390	390
379	3	80	300	31	79	390	390	390	390	390	390
380	3	81	300	24	80	390	390	390	390	390	390
381	3	82	300	23	81	390	390	390	390	390	390
382	3	83	300	22	82	390	390	390	390	390	390
383	3	84	300	21	83	390	390	390	390	390	390
384	3	85	300	21	84	390	390	390	390	390	390
385	3	86	300	20	85	390	390	390	390	390	390
386	3	87	300	19	86	390	390	390	390	390	390
387	3	88	300	19	87	390	390	390	390	390	390
388	3	89	300	18	88	390	390	390	390	390	390
389	3	90	300	18	89	390	390	390	390	390	390
390	3	91	300	15	90	390	390	390	390	390	390
391	3	92	300	14	91	390	390	390	390	390	390
392	3	93	300	14	92	390	390	390	390	390	390
393	3	94	300	14	93	390	390	390	390	390	390
394	3	95	300	14	94	390	390	390	390	390	390
395	3	96	300	14	95	390	390	390	390	390	390
396	3	97	300	13	96	390	390	390	390	390	390
397	3	98	300	13	97	390	390	390	390	390	390
398	3	99	300	13	98	390	390	390	390	390	390
399	3	100	0	0	0	390	390	390	390	390	390
400	4	1	100	3500	0	20	20	20	20	20	20
401	4	2	115	2000	1	30	30	30	30	30	30
402	4	3	132	1000	1	42	42	42	42	42	42
403	4	4	151	500	1	60	60	60	60	60	60
404	4	5	173	500	1	88	88	88	88	88	88
405	4	6	199	200	5	140	140	140	140	140	140
406	4	7	228	200	5	186	186	186	186	186	186
407	4	8	261	200	7	270	270	270	270	270	270
408	4	9	300	200	8	390	390	390	390	390	390
409	4	10	173	1000	9	390	390	390	390	390	390
410	4	11	199	1000	10	390	390	390	390	390	390
411	4	12	228	1000	11	390	390	390	390	390	390
412	4	13	261	1000	12	390	390	390	390	390	390
413	4	14	300	1000	13	390	390	390	390	390	390
414	4	15	300	1000	14	390	390	390	390	390	390
415	4	16	300	1000	15	390	390	390	390	390	390
416	4	17	300	1000	16	390	390	390	390	390	390
417	4	18	300	1000	17	390	390	390	390	390	390
418	4	19	300	1000	18	390	390	390	390	390	390
419	4	20	300	1000	19	390	390	390	390	390	390
420	4	21	300	2666	20	390	390	390	390	390	390
421	4	22	300	1000	21	390	390	390	390	390	390
422	4	23	300	1000	22	390	390	390	390	390	390
423	4	24	300	333	23	390	390	390	390	390	390
424	4	25	300	857	24	390	390	390	390	390	390
425	4	26	300	500	25	390	390	390	390	390	390
426	4	27	300	222	26	390	390	390	390	390	390
427	4	28	300	100	27	390	390	390	390	390	390
428	4	29	300	818	28	390	390	390	390	390	390
429	4	30	300	666	29	390	390	390	390	390	390
430	4	31	300	250	30	390	390	390	390	390	390
431	4	32	300	111	31	390	390	390	390	390	390
432	4	33	300	309	32	390	390	390	390	390	390
433	4	34	300	314	33	390	390	390	390	390	390
434	4	35	300	188	34	390	390	390	390	390	390
435	4	36	300	200	35	390	390	390	390	390	390
436	4	37	300	134	36	390	390	390	390	390	390
437	4	38	300	84	37	390	390	390	390	390	390
438	4	39	300	44	38	390	390	390	390	390	390
439	4	40	300	112	39	390	390	390	390	390	390
440	4	41	300	127	40	390	390	390	390	390	390
441	4	42	300	112	41	390	390	390	390	390	390
442	4	43	300	100	42	390	390	390	390	390	390
443	4	44	300	88	43	390	390	390	390	390	390
444	4	45	300	78	44	390	390	390	390	390	390
445	4	46	300	169	45	390	390	390	390	390	390
446	4	47	300	161	46	390	390	390	390	390	390
447	4	48	300	153	47	390	390	390	390	390	390
448	4	49	300	147	48	390	390	390	390	390	390
449	4	50	300	87	49	390	390	390	390	390	390
450	4	51	300	87	50	390	390	390	390	390	390
451	4	52	300	87	51	390	390	390	390	390	390
452	4	53	300	87	52	390	390	390	390	390	390
453	4	54	300	87	53	390	390	390	390	390	390
454	4	55	300	87	54	390	390	390	390	390	390
455	4	56	300	87	55	390	390	390	390	390	390
456	4	57	300	87	56	390	390	390	390	390	390
457	4	58	300	87	57	390	390	390	390	390	390
458	4	59	300	87	58	390	390	390	390	390	390
459	4	60	300	37	59	390	390	390	390	390	390
460	4	61	300	37	60	390	390	390	390	390	390
461	4	62	300	37	61	390	390	390	390	390	390
462	4	63	300	37	62	390	390	390	390	390	390
463	4	64	300	37	63	390	390	390	390	390	390
464	4	65	300	37	64	390	390	390	390	390	390
465	4	66	300	37	65	390	390	390	390	390	390
466	4	67	300	37	66	390	390	390	390	390	390
467	4	68	300	37	67	390	390	390	390	390	390
468	4	69	300	45	68	390	390	390	390	390	390
469	4	70	300	42	69	390	390	390	390	390	390
470	4	71	300	37	70	390	390	390	390	390	390
471	4	72	300	37	71	390	390	390	390	390	390
472	4	73	300	36	72	390	390	390	390	390	390
473	4	74	300	35	73	390	390	390	390	390	390
474	4	75	300	34	74	390	390	390	390	390	390
475	4	76	300	34	75	390	390	390	390	390	390
476	4	77	300	33	76	390	390	390	390	390	390
477	4	78	300	32	77	390	390	390	390	390	390
478	4	79	300	32	78	390	390	390	390	390	390
479	4	80	300	31	79	390	390	390	390	390	390
480	4	81	300	24	80	390	390	390	390	390	390
481	4	82	300	23	81	390	390	390	390	390	390
482	4	83	300	22	82	390	390	390	390	390	390
483	4	84	300	21	83	390	390	390	390	390	390
484	4	85	300	21	84	390	390	390	390	390	390
485	4	86	300	20	85	390	390	390	390	390	390
486	4	87	300	19	86	390	390	390	390	390	390
487	4	88	300	19	87	390	390	390	390	390	390
488	4	89	300	18	88	390	390	390	390	390	390
489	4	90	300	18	89	390	390	390	390	390	390
490	4	91	300	15	90	390	390	390	390	390	390
491	4	92	300	14	91	390	390	390	390	390	390
492	4	93	300	14	92	390	390	390	390	390	390
493	4	94	300	14	93	390	390	390	390	390	390
494	4	95	300	14	94	390	390	390	390	390	390
495	4	96	300	14	95	390	390	390	390	390	390
496	4	97	300	13	96	390	390	390	390	390	390
497	4	98	300	13	97	390	390	390	390	390	390
498	4	99	300	13	98	390	390	390	390	390	390
499	4	100	0	0	0	390	390	390	390	390	390
500	5	1	100	3500	0	20	20	20	20	20	20
501	5	2	115	2000	1	30	30	30	30	30	30
502	5	3	132	1000	1	42	42	42	42	42	42
503	5	4	151	500	1	60	60	60	60	60	60
504	5	5	173	500	1	88	88	88	88	88	88
505	5	6	199	200	5	140	140	140	140	140	140
506	5	7	228	200	5	186	186	186	186	186	186
507	5	8	261	200	7	270	270	270	270	270	270
508	5	9	300	200	8	390	390	390	390	390	390
509	5	10	173	1000	9	390	390	390	390	390	390
510	5	11	199	1000	10	390	390	390	390	390	390
511	5	12	228	1000	11	390	390	390	390	390	390
512	5	13	261	1000	12	390	390	390	390	390	390
513	5	14	300	1000	13	390	390	390	390	390	390
514	5	15	300	1000	14	390	390	390	390	390	390
515	5	16	300	1000	15	390	390	390	390	390	390
516	5	17	300	1000	16	390	390	390	390	390	390
517	5	18	300	1000	17	390	390	390	390	390	390
518	5	19	300	1000	18	390	390	390	390	390	390
519	5	20	300	1000	19	390	390	390	390	390	390
520	5	21	300	2666	20	390	390	390	390	390	390
521	5	22	300	1000	21	390	390	390	390	390	390
522	5	23	300	1000	22	390	390	390	390	390	390
523	5	24	300	333	23	390	390	390	390	390	390
524	5	25	300	857	24	390	390	390	390	390	390
525	5	26	300	500	25	390	390	390	390	390	390
526	5	27	300	222	26	390	390	390	390	390	390
527	5	28	300	100	27	390	390	390	390	390	390
528	5	29	300	818	28	390	390	390	390	390	390
529	5	30	300	666	29	390	390	390	390	390	390
530	5	31	300	250	30	390	390	390	390	390	390
531	5	32	300	111	31	390	390	390	390	390	390
532	5	33	300	309	32	390	390	390	390	390	390
533	5	34	300	314	33	390	390	390	390	390	390
534	5	35	300	188	34	390	390	390	390	390	390
535	5	36	300	200	35	390	390	390	390	390	390
536	5	37	300	134	36	390	390	390	390	390	390
537	5	38	300	84	37	390	390	390	390	390	390
538	5	39	300	44	38	390	390	390	390	390	390
539	5	40	300	112	39	390	390	390	390	390	390
540	5	41	300	127	40	390	390	390	390	390	390
541	5	42	300	112	41	390	390	390	390	390	390
542	5	43	300	100	42	390	390	390	390	390	390
543	5	44	300	88	43	390	390	390	390	390	390
544	5	45	300	78	44	390	390	390	390	390	390
545	5	46	300	169	45	390	390	390	390	390	390
546	5	47	300	161	46	390	390	390	390	390	390
547	5	48	300	153	47	390	390	390	390	390	390
548	5	49	300	147	48	390	390	390	390	390	390
549	5	50	300	87	49	390	390	390	390	390	390
550	5	51	300	87	50	390	390	390	390	390	390
551	5	52	300	87	51	390	390	390	390	390	390
552	5	53	300	87	52	390	390	390	390	390	390
553	5	54	300	87	53	390	390	390	390	390	390
554	5	55	300	87	54	390	390	390	390	390	390
555	5	56	300	87	55	390	390	390	390	390	390
556	5	57	300	87	56	390	390	390	390	390	390
557	5	58	300	87	57	390	390	390	390	390	390
558	5	59	300	87	58	390	390	390	390	390	390
559	5	60	300	37	59	390	390	390	390	390	390
560	5	61	300	37	60	390	390	390	390	390	390
561	5	62	300	37	61	390	390	390	390	390	390
562	5	63	300	37	62	390	390	390	390	390	390
563	5	64	300	37	63	390	390	390	390	390	390
564	5	65	300	37	64	390	390	390	390	390	390
565	5	66	300	37	65	390	390	390	390	390	390
566	5	67	300	37	66	390	390	390	390	390	390
567	5	68	300	37	67	390	390	390	390	390	390
568	5	69	300	45	68	390	390	390	390	390	390
569	5	70	300	42	69	390	390	390	390	390	390
570	5	71	300	37	70	390	390	390	390	390	390
571	5	72	300	37	71	390	390	390	390	390	390
572	5	73	300	36	72	390	390	390	390	390	390
573	5	74	300	35	73	390	390	390	390	390	390
574	5	75	300	34	74	390	390	390	390	390	390
575	5	76	300	34	75	390	390	390	390	390	390
576	5	77	300	33	76	390	390	390	390	390	390
577	5	78	300	32	77	390	390	390	390	390	390
578	5	79	300	32	78	390	390	390	390	390	390
579	5	80	300	31	79	390	390	390	390	390	390
580	5	81	300	24	80	390	390	390	390	390	390
581	5	82	300	23	81	390	390	390	390	390	390
582	5	83	300	22	82	390	390	390	390	390	390
583	5	84	300	21	83	390	390	390	390	390	390
584	5	85	300	21	84	390	390	390	390	390	390
585	5	86	300	20	85	390	390	390	390	390	390
586	5	87	300	19	86	390	390	390	390	390	390
587	5	88	300	19	87	390	390	390	390	390	390
588	5	89	300	18	88	390	390	390	390	390	390
589	5	90	300	18	89	390	390	390	390	390	390
590	5	91	300	15	90	390	390	390	390	390	390
591	5	92	300	14	91	390	390	390	390	390	390
592	5	93	300	14	92	390	390	390	390	390	390
593	5	94	300	14	93	390	390	390	390	390	390
594	5	95	300	14	94	390	390	390	390	390	390
595	5	96	300	14	95	390	390	390	390	390	390
596	5	97	300	13	96	390	390	390	390	390	390
597	5	98	300	13	97	390	390	390	390	390	390
598	5	99	300	13	98	390	390	390	390	390	390
599	5	100	0	0	0	390	390	390	390	390	390
600	6	1	100	3500	0	20	20	20	20	20	20
601	6	2	115	2000	1	30	30	30	30	30	30
602	6	3	132	1000	1	42	42	42	42	42	42
603	6	4	151	500	1	60	60	60	60	60	60
604	6	5	173	500	1	88	88	88	88	88	88
605	6	6	199	200	5	140	140	140	140	140	140
606	6	7	228	200	5	186	186	186	186	186	186
607	6	8	261	200	7	270	270	270	270	270	270
608	6	9	300	200	8	390	390	390	390	390	390
609	6	10	173	1000	9	390	390	390	390	390	390
610	6	11	199	1000	10	390	390	390	390	390	390
611	6	12	228	1000	11	390	390	390	390	390	390
612	6	13	261	1000	12	390	390	390	390	390	390
613	6	14	300	1000	13	390	390	390	390	390	390
614	6	15	300	1000	14	390	390	390	390	390	390
615	6	16	300	1000	15	390	390	390	390	390	390
616	6	17	300	1000	16	390	390	390	390	390	390
617	6	18	300	1000	17	390	390	390	390	390	390
618	6	19	300	1000	18	390	390	390	390	390	390
619	6	20	300	1000	19	390	390	390	390	390	390
620	6	21	300	2666	20	390	390	390	390	390	390
621	6	22	300	1000	21	390	390	390	390	390	390
622	6	23	300	1000	22	390	390	390	390	390	390
623	6	24	300	333	23	390	390	390	390	390	390
624	6	25	300	857	24	390	390	390	390	390	390
625	6	26	300	500	25	390	390	390	390	390	390
626	6	27	300	222	26	390	390	390	390	390	390
627	6	28	300	100	27	390	390	390	390	390	390
628	6	29	300	818	28	390	390	390	390	390	390
629	6	30	300	666	29	390	390	390	390	390	390
630	6	31	300	250	30	390	390	390	390	390	390
631	6	32	300	111	31	390	390	390	390	390	390
632	6	33	300	309	32	390	390	390	390	390	390
633	6	34	300	314	33	390	390	390	390	390	390
634	6	35	300	188	34	390	390	390	390	390	390
635	6	36	300	200	35	390	390	390	390	390	390
636	6	37	300	134	36	390	390	390	390	390	390
637	6	38	300	84	37	390	390	390	390	390	390
638	6	39	300	44	38	390	390	390	390	390	390
639	6	40	300	112	39	390	390	390	390	390	390
640	6	41	300	127	40	390	390	390	390	390	390
641	6	42	300	112	41	390	390	390	390	390	390
642	6	43	300	100	42	390	390	390	390	390	390
643	6	44	300	88	43	390	390	390	390	390	390
644	6	45	300	78	44	390	390	390	390	390	390
645	6	46	300	169	45	390	390	390	390	390	390
646	6	47	300	161	46	390	390	390	390	390	390
647	6	48	300	153	47	390	390	390	390	390	390
648	6	49	300	147	48	390	390	390	390	390	390
649	6	50	300	87	49	390	390	390	390	390	390
650	6	51	300	87	50	390	390	390	390	390	390
651	6	52	300	87	51	390	390	390	390	390	390
652	6	53	300	87	52	390	390	390	390	390	390
653	6	54	300	87	53	390	390	390	390	390	390
654	6	55	300	87	54	390	390	390	390	390	390
655	6	56	300	87	55	390	390	390	390	390	390
656	6	57	300	87	56	390	390	390	390	390	390
657	6	58	300	87	57	390	390	390	390	390	390
658	6	59	300	87	58	390	390	390	390	390	390
659	6	60	300	37	59	390	390	390	390	390	390
660	6	61	300	37	60	390	390	390	390	390	390
661	6	62	300	37	61	390	390	390	390	390	390
662	6	63	300	37	62	390	390	390	390	390	390
663	6	64	300	37	63	390	390	390	390	390	390
664	6	65	300	37	64	390	390	390	390	390	390
665	6	66	300	37	65	390	390	390	390	390	390
666	6	67	300	37	66	390	390	390	390	390	390
667	6	68	300	37	67	390	390	390	390	390	390
668	6	69	300	45	68	390	390	390	390	390	390
669	6	70	300	42	69	390	390	390	390	390	390
670	6	71	300	37	70	390	390	390	390	390	390
671	6	72	300	37	71	390	390	390	390	390	390
672	6	73	300	36	72	390	390	390	390	390	390
673	6	74	300	35	73	390	390	390	390	390	390
674	6	75	300	34	74	390	390	390	390	390	390
675	6	76	300	34	75	390	390	390	390	390	390
676	6	77	300	33	76	390	390	390	390	390	390
677	6	78	300	32	77	390	390	390	390	390	390
678	6	79	300	32	78	390	390	390	390	390	390
679	6	80	300	31	79	390	390	390	390	390	390
680	6	81	300	24	80	390	390	390	390	390	390
681	6	82	300	23	81	390	390	390	390	390	390
682	6	83	300	22	82	390	390	390	390	390	390
683	6	84	300	21	83	390	390	390	390	390	390
684	6	85	300	21	84	390	390	390	390	390	390
685	6	86	300	20	85	390	390	390	390	390	390
686	6	87	300	19	86	390	390	390	390	390	390
687	6	88	300	19	87	390	390	390	390	390	390
688	6	89	300	18	88	390	390	390	390	390	390
689	6	90	300	18	89	390	390	390	390	390	390
690	6	91	300	15	90	390	390	390	390	390	390
691	6	92	300	14	91	390	390	390	390	390	390
692	6	93	300	14	92	390	390	390	390	390	390
693	6	94	300	14	93	390	390	390	390	390	390
694	6	95	300	14	94	390	390	390	390	390	390
695	6	96	300	14	95	390	390	390	390	390	390
696	6	97	300	13	96	390	390	390	390	390	390
697	6	98	300	13	97	390	390	390	390	390	390
698	6	99	300	13	98	390	390	390	390	390	390
699	6	100	0	0	0	390	390	390	390	390	390
700	7	1	100	3500	0	20	20	20	20	20	20
701	7	2	115	2000	1	30	30	30	30	30	30
702	7	3	132	1000	1	42	42	42	42	42	42
703	7	4	151	500	1	60	60	60	60	60	60
704	7	5	173	500	1	88	88	88	88	88	88
705	7	6	199	200	5	140	140	140	140	140	140
706	7	7	228	200	5	186	186	186	186	186	186
707	7	8	261	200	7	270	270	270	270	270	270
708	7	9	300	200	8	390	390	390	390	390	390
709	7	10	173	1000	9	390	390	390	390	390	390
710	7	11	199	1000	10	390	390	390	390	390	390
711	7	12	228	1000	11	390	390	390	390	390	390
712	7	13	261	1000	12	390	390	390	390	390	390
713	7	14	300	1000	13	390	390	390	390	390	390
714	7	15	300	1000	14	390	390	390	390	390	390
715	7	16	300	1000	15	390	390	390	390	390	390
716	7	17	300	1000	16	390	390	390	390	390	390
717	7	18	300	1000	17	390	390	390	390	390	390
718	7	19	300	1000	18	390	390	390	390	390	390
719	7	20	300	1000	19	390	390	390	390	390	390
720	7	21	300	2666	20	390	390	390	390	390	390
721	7	22	300	1000	21	390	390	390	390	390	390
722	7	23	300	1000	22	390	390	390	390	390	390
723	7	24	300	333	23	390	390	390	390	390	390
724	7	25	300	857	24	390	390	390	390	390	390
725	7	26	300	500	25	390	390	390	390	390	390
726	7	27	300	222	26	390	390	390	390	390	390
727	7	28	300	100	27	390	390	390	390	390	390
728	7	29	300	818	28	390	390	390	390	390	390
729	7	30	300	666	29	390	390	390	390	390	390
730	7	31	300	250	30	390	390	390	390	390	390
731	7	32	300	111	31	390	390	390	390	390	390
732	7	33	300	309	32	390	390	390	390	390	390
733	7	34	300	314	33	390	390	390	390	390	390
734	7	35	300	188	34	390	390	390	390	390	390
735	7	36	300	200	35	390	390	390	390	390	390
736	7	37	300	134	36	390	390	390	390	390	390
737	7	38	300	84	37	390	390	390	390	390	390
738	7	39	300	44	38	390	390	390	390	390	390
739	7	40	300	112	39	390	390	390	390	390	390
740	7	41	300	127	40	390	390	390	390	390	390
741	7	42	300	112	41	390	390	390	390	390	390
742	7	43	300	100	42	390	390	390	390	390	390
743	7	44	300	88	43	390	390	390	390	390	390
744	7	45	300	78	44	390	390	390	390	390	390
745	7	46	300	169	45	390	390	390	390	390	390
746	7	47	300	161	46	390	390	390	390	390	390
747	7	48	300	153	47	390	390	390	390	390	390
748	7	49	300	147	48	390	390	390	390	390	390
749	7	50	300	87	49	390	390	390	390	390	390
750	7	51	300	87	50	390	390	390	390	390	390
751	7	52	300	87	51	390	390	390	390	390	390
752	7	53	300	87	52	390	390	390	390	390	390
753	7	54	300	87	53	390	390	390	390	390	390
754	7	55	300	87	54	390	390	390	390	390	390
755	7	56	300	87	55	390	390	390	390	390	390
756	7	57	300	87	56	390	390	390	390	390	390
757	7	58	300	87	57	390	390	390	390	390	390
758	7	59	300	87	58	390	390	390	390	390	390
759	7	60	300	37	59	390	390	390	390	390	390
760	7	61	300	37	60	390	390	390	390	390	390
761	7	62	300	37	61	390	390	390	390	390	390
762	7	63	300	37	62	390	390	390	390	390	390
763	7	64	300	37	63	390	390	390	390	390	390
764	7	65	300	37	64	390	390	390	390	390	390
765	7	66	300	37	65	390	390	390	390	390	390
766	7	67	300	37	66	390	390	390	390	390	390
767	7	68	300	37	67	390	390	390	390	390	390
768	7	69	300	45	68	390	390	390	390	390	390
769	7	70	300	42	69	390	390	390	390	390	390
770	7	71	300	37	70	390	390	390	390	390	390
771	7	72	300	37	71	390	390	390	390	390	390
772	7	73	300	36	72	390	390	390	390	390	390
773	7	74	300	35	73	390	390	390	390	390	390
774	7	75	300	34	74	390	390	390	390	390	390
775	7	76	300	34	75	390	390	390	390	390	390
776	7	77	300	33	76	390	390	390	390	390	390
777	7	78	300	32	77	390	390	390	390	390	390
778	7	79	300	32	78	390	390	390	390	390	390
779	7	80	300	31	79	390	390	390	390	390	390
780	7	81	300	24	80	390	390	390	390	390	390
781	7	82	300	23	81	390	390	390	390	390	390
782	7	83	300	22	82	390	390	390	390	390	390
783	7	84	300	21	83	390	390	390	390	390	390
784	7	85	300	21	84	390	390	390	390	390	390
785	7	86	300	20	85	390	390	390	390	390	390
786	7	87	300	19	86	390	390	390	390	390	390
787	7	88	300	19	87	390	390	390	390	390	390
788	7	89	300	18	88	390	390	390	390	390	390
789	7	90	300	18	89	390	390	390	390	390	390
790	7	91	300	15	90	390	390	390	390	390	390
791	7	92	300	14	91	390	390	390	390	390	390
792	7	93	300	14	92	390	390	390	390	390	390
793	7	94	300	14	93	390	390	390	390	390	390
794	7	95	300	14	94	390	390	390	390	390	390
795	7	96	300	14	95	390	390	390	390	390	390
796	7	97	300	13	96	390	390	390	390	390	390
797	7	98	300	13	97	390	390	390	390	390	390
798	7	99	300	13	98	390	390	390	390	390	390
799	7	100	0	0	0	390	390	390	390	390	390
800	8	1	100	3500	0	10	10	10	10	10	10
801	8	2	115	2000	1	15	15	15	15	15	15
802	8	3	132	1000	1	21	21	21	21	21	21
803	8	4	151	500	1	30	30	30	30	30	30
804	8	5	173	500	1	44	44	44	44	44	44
805	8	6	199	200	5	70	70	70	70	70	70
806	8	7	228	200	5	93	93	93	93	93	93
807	8	8	261	200	7	135	135	135	135	135	135
808	8	9	300	200	8	195	195	195	195	195	195
809	8	10	300	1000	9	195	195	195	195	195	195
810	8	11	300	1000	10	195	195	195	195	195	195
811	8	12	300	1000	11	195	195	195	195	195	195
812	8	13	300	1000	12	195	195	195	195	195	195
813	8	14	300	1000	13	195	195	195	195	195	195
814	8	15	300	1000	14	195	195	195	195	195	195
815	8	16	300	1000	15	195	195	195	195	195	195
816	8	17	300	1000	16	195	195	195	195	195	195
817	8	18	300	1000	17	195	195	195	195	195	195
818	8	19	300	1000	18	195	195	195	195	195	195
819	8	20	300	1000	19	195	195	195	195	195	195
820	8	21	300	2666	20	195	195	195	195	195	195
821	8	22	300	1000	21	195	195	195	195	195	195
822	8	23	300	1000	22	195	195	195	195	195	195
823	8	24	300	333	23	195	195	195	195	195	195
824	8	25	300	857	24	195	195	195	195	195	195
825	8	26	300	500	25	195	195	195	195	195	195
826	8	27	300	222	26	195	195	195	195	195	195
827	8	28	300	100	27	195	195	195	195	195	195
828	8	29	300	818	28	195	195	195	195	195	195
829	8	30	300	666	29	195	195	195	195	195	195
830	8	31	300	250	30	195	195	195	195	195	195
831	8	32	300	111	31	195	195	195	195	195	195
832	8	33	300	309	32	195	195	195	195	195	195
833	8	34	300	314	33	195	195	195	195	195	195
834	8	35	300	188	34	195	195	195	195	195	195
835	8	36	300	200	35	195	195	195	195	195	195
836	8	37	300	134	36	195	195	195	195	195	195
837	8	38	300	84	37	195	195	195	195	195	195
838	8	39	300	44	38	195	195	195	195	195	195
839	8	40	300	112	39	195	195	195	195	195	195
840	8	41	300	127	40	195	195	195	195	195	195
841	8	42	300	112	41	195	195	195	195	195	195
842	8	43	300	100	42	195	195	195	195	195	195
843	8	44	300	88	43	195	195	195	195	195	195
844	8	45	300	78	44	195	195	195	195	195	195
845	8	46	300	169	45	195	195	195	195	195	195
846	8	47	300	161	46	195	195	195	195	195	195
847	8	48	300	153	47	195	195	195	195	195	195
848	8	49	300	147	48	195	195	195	195	195	195
849	8	50	300	87	49	195	195	195	195	195	195
850	8	51	300	87	50	195	195	195	195	195	195
851	8	52	300	87	51	195	195	195	195	195	195
852	8	53	300	87	52	195	195	195	195	195	195
853	8	54	300	87	53	195	195	195	195	195	195
854	8	55	300	87	54	195	195	195	195	195	195
855	8	56	300	87	55	195	195	195	195	195	195
856	8	57	300	87	56	195	195	195	195	195	195
857	8	58	300	87	57	195	195	195	195	195	195
858	8	59	300	87	58	195	195	195	195	195	195
859	8	60	300	37	59	195	195	195	195	195	195
860	8	61	300	37	60	195	195	195	195	195	195
861	8	62	300	37	61	195	195	195	195	195	195
862	8	63	300	37	62	195	195	195	195	195	195
863	8	64	300	37	63	195	195	195	195	195	195
864	8	65	300	37	64	195	195	195	195	195	195
865	8	66	300	37	65	195	195	195	195	195	195
866	8	67	300	37	66	195	195	195	195	195	195
867	8	68	300	37	67	195	195	195	195	195	195
868	8	69	300	45	68	195	195	195	195	195	195
869	8	70	300	42	69	195	195	195	195	195	195
870	8	71	300	37	70	195	195	195	195	195	195
871	8	72	300	37	71	195	195	195	195	195	195
872	8	73	300	36	72	195	195	195	195	195	195
873	8	74	300	35	73	195	195	195	195	195	195
874	8	75	300	34	74	195	195	195	195	195	195
875	8	76	300	34	75	195	195	195	195	195	195
876	8	77	300	33	76	195	195	195	195	195	195
877	8	78	300	32	77	195	195	195	195	195	195
878	8	79	300	32	78	195	195	195	195	195	195
879	8	80	300	31	79	195	195	195	195	195	195
880	8	81	300	24	80	195	195	195	195	195	195
881	8	82	300	23	81	195	195	195	195	195	195
882	8	83	300	22	82	195	195	195	195	195	195
883	8	84	300	21	83	195	195	195	195	195	195
884	8	85	300	21	84	195	195	195	195	195	195
885	8	86	300	20	85	195	195	195	195	195	195
886	8	87	300	19	86	195	195	195	195	195	195
887	8	88	300	19	87	195	195	195	195	195	195
888	8	89	300	18	88	195	195	195	195	195	195
889	8	90	300	18	89	195	195	195	195	195	195
890	8	91	300	15	90	195	195	195	195	195	195
891	8	92	300	14	91	195	195	195	195	195	195
892	8	93	300	14	92	195	195	195	195	195	195
893	8	94	300	14	93	195	195	195	195	195	195
894	8	95	300	14	94	195	195	195	195	195	195
895	8	96	300	14	95	195	195	195	195	195	195
896	8	97	300	13	96	195	195	195	195	195	195
897	8	98	300	13	97	195	195	195	195	195	195
898	8	99	300	13	98	195	195	195	195	195	195
899	8	100	0	0	0	195	195	195	195	195	195
900	9	1	100	3500	0	10	10	10	10	10	10
901	9	2	115	2000	1	15	15	15	15	15	15
902	9	3	132	1000	1	21	21	21	21	21	21
903	9	4	151	500	1	30	30	30	30	30	30
904	9	5	173	500	1	44	44	44	44	44	44
905	9	6	199	200	5	70	70	70	70	70	70
906	9	7	228	200	5	93	93	93	93	93	93
907	9	8	261	200	7	135	135	135	135	135	135
908	9	9	300	200	8	195	195	195	195	195	195
909	9	10	300	1000	9	195	195	195	195	195	195
910	9	11	300	1000	10	195	195	195	195	195	195
911	9	12	300	1000	11	195	195	195	195	195	195
912	9	13	300	1000	12	195	195	195	195	195	195
913	9	14	300	1000	13	195	195	195	195	195	195
914	9	15	300	1000	14	195	195	195	195	195	195
915	9	16	300	1000	15	195	195	195	195	195	195
916	9	17	300	1000	16	195	195	195	195	195	195
917	9	18	300	1000	17	195	195	195	195	195	195
918	9	19	300	1000	18	195	195	195	195	195	195
919	9	20	300	1000	19	195	195	195	195	195	195
920	9	21	300	2666	20	195	195	195	195	195	195
921	9	22	300	1000	21	195	195	195	195	195	195
922	9	23	300	1000	22	195	195	195	195	195	195
923	9	24	300	333	23	195	195	195	195	195	195
924	9	25	300	857	24	195	195	195	195	195	195
925	9	26	300	500	25	195	195	195	195	195	195
926	9	27	300	222	26	195	195	195	195	195	195
927	9	28	300	100	27	195	195	195	195	195	195
928	9	29	300	818	28	195	195	195	195	195	195
929	9	30	300	666	29	195	195	195	195	195	195
930	9	31	300	250	30	195	195	195	195	195	195
931	9	32	300	111	31	195	195	195	195	195	195
932	9	33	300	309	32	195	195	195	195	195	195
933	9	34	300	314	33	195	195	195	195	195	195
934	9	35	300	188	34	195	195	195	195	195	195
935	9	36	300	200	35	195	195	195	195	195	195
936	9	37	300	134	36	195	195	195	195	195	195
937	9	38	300	84	37	195	195	195	195	195	195
938	9	39	300	44	38	195	195	195	195	195	195
939	9	40	300	112	39	195	195	195	195	195	195
940	9	41	300	127	40	195	195	195	195	195	195
941	9	42	300	112	41	195	195	195	195	195	195
942	9	43	300	100	42	195	195	195	195	195	195
943	9	44	300	88	43	195	195	195	195	195	195
944	9	45	300	78	44	195	195	195	195	195	195
945	9	46	300	169	45	195	195	195	195	195	195
946	9	47	300	161	46	195	195	195	195	195	195
947	9	48	300	153	47	195	195	195	195	195	195
948	9	49	300	147	48	195	195	195	195	195	195
949	9	50	300	87	49	195	195	195	195	195	195
950	9	51	300	87	50	195	195	195	195	195	195
951	9	52	300	87	51	195	195	195	195	195	195
952	9	53	300	87	52	195	195	195	195	195	195
953	9	54	300	87	53	195	195	195	195	195	195
954	9	55	300	87	54	195	195	195	195	195	195
955	9	56	300	87	55	195	195	195	195	195	195
956	9	57	300	87	56	195	195	195	195	195	195
957	9	58	300	87	57	195	195	195	195	195	195
958	9	59	300	87	58	195	195	195	195	195	195
959	9	60	300	37	59	195	195	195	195	195	195
960	9	61	300	37	60	195	195	195	195	195	195
961	9	62	300	37	61	195	195	195	195	195	195
962	9	63	300	37	62	195	195	195	195	195	195
963	9	64	300	37	63	195	195	195	195	195	195
964	9	65	300	37	64	195	195	195	195	195	195
965	9	66	300	37	65	195	195	195	195	195	195
966	9	67	300	37	66	195	195	195	195	195	195
967	9	68	300	37	67	195	195	195	195	195	195
968	9	69	300	45	68	195	195	195	195	195	195
969	9	70	300	42	69	195	195	195	195	195	195
970	9	71	300	37	70	195	195	195	195	195	195
971	9	72	300	37	71	195	195	195	195	195	195
972	9	73	300	36	72	195	195	195	195	195	195
973	9	74	300	35	73	195	195	195	195	195	195
974	9	75	300	34	74	195	195	195	195	195	195
975	9	76	300	34	75	195	195	195	195	195	195
976	9	77	300	33	76	195	195	195	195	195	195
977	9	78	300	32	77	195	195	195	195	195	195
978	9	79	300	32	78	195	195	195	195	195	195
979	9	80	300	31	79	195	195	195	195	195	195
980	9	81	300	24	80	195	195	195	195	195	195
981	9	82	300	23	81	195	195	195	195	195	195
982	9	83	300	22	82	195	195	195	195	195	195
983	9	84	300	21	83	195	195	195	195	195	195
984	9	85	300	21	84	195	195	195	195	195	195
985	9	86	300	20	85	195	195	195	195	195	195
986	9	87	300	19	86	195	195	195	195	195	195
987	9	88	300	19	87	195	195	195	195	195	195
988	9	89	300	18	88	195	195	195	195	195	195
989	9	90	300	18	89	195	195	195	195	195	195
990	9	91	300	15	90	195	195	195	195	195	195
991	9	92	300	14	91	195	195	195	195	195	195
992	9	93	300	14	92	195	195	195	195	195	195
993	9	94	300	14	93	195	195	195	195	195	195
994	9	95	300	14	94	195	195	195	195	195	195
995	9	96	300	14	95	195	195	195	195	195	195
996	9	97	300	13	96	195	195	195	195	195	195
997	9	98	300	13	97	195	195	195	195	195	195
998	9	99	300	13	98	195	195	195	195	195	195
999	9	100	0	0	0	195	195	195	195	195	195
1000	10	1	100	3500	0	10	10	10	10	10	10
1001	10	2	115	2000	1	15	15	15	15	15	15
1002	10	3	132	1000	1	21	21	21	21	21	21
1003	10	4	151	500	1	30	30	30	30	30	30
1004	10	5	173	500	1	44	44	44	44	44	44
1005	10	6	199	200	5	70	70	70	70	70	70
1006	10	7	228	200	5	93	93	93	93	93	93
1007	10	8	261	200	7	135	135	135	135	135	135
1008	10	9	300	200	8	195	195	195	195	195	195
1009	10	10	300	1000	9	195	195	195	195	195	195
1010	10	11	300	1000	10	195	195	195	195	195	195
1011	10	12	300	1000	11	195	195	195	195	195	195
1012	10	13	300	1000	12	195	195	195	195	195	195
1013	10	14	300	1000	13	195	195	195	195	195	195
1014	10	15	300	1000	14	195	195	195	195	195	195
1015	10	16	300	1000	15	195	195	195	195	195	195
1016	10	17	300	1000	16	195	195	195	195	195	195
1017	10	18	300	1000	17	195	195	195	195	195	195
1018	10	19	300	1000	18	195	195	195	195	195	195
1019	10	20	300	1000	19	195	195	195	195	195	195
1020	10	21	300	2666	20	195	195	195	195	195	195
1021	10	22	300	1000	21	195	195	195	195	195	195
1022	10	23	300	1000	22	195	195	195	195	195	195
1023	10	24	300	333	23	195	195	195	195	195	195
1024	10	25	300	857	24	195	195	195	195	195	195
1025	10	26	300	500	25	195	195	195	195	195	195
1026	10	27	300	222	26	195	195	195	195	195	195
1027	10	28	300	100	27	195	195	195	195	195	195
1028	10	29	300	818	28	195	195	195	195	195	195
1029	10	30	300	666	29	195	195	195	195	195	195
1030	10	31	300	250	30	195	195	195	195	195	195
1031	10	32	300	111	31	195	195	195	195	195	195
1032	10	33	300	309	32	195	195	195	195	195	195
1033	10	34	300	314	33	195	195	195	195	195	195
1034	10	35	300	188	34	195	195	195	195	195	195
1035	10	36	300	200	35	195	195	195	195	195	195
1036	10	37	300	134	36	195	195	195	195	195	195
1037	10	38	300	84	37	195	195	195	195	195	195
1038	10	39	300	44	38	195	195	195	195	195	195
1039	10	40	300	112	39	195	195	195	195	195	195
1040	10	41	300	127	40	195	195	195	195	195	195
1041	10	42	300	112	41	195	195	195	195	195	195
1042	10	43	300	100	42	195	195	195	195	195	195
1043	10	44	300	88	43	195	195	195	195	195	195
1044	10	45	300	78	44	195	195	195	195	195	195
1045	10	46	300	169	45	195	195	195	195	195	195
1046	10	47	300	161	46	195	195	195	195	195	195
1047	10	48	300	153	47	195	195	195	195	195	195
1048	10	49	300	147	48	195	195	195	195	195	195
1049	10	50	300	87	49	195	195	195	195	195	195
1050	10	51	300	87	50	195	195	195	195	195	195
1051	10	52	300	87	51	195	195	195	195	195	195
1052	10	53	300	87	52	195	195	195	195	195	195
1053	10	54	300	87	53	195	195	195	195	195	195
1054	10	55	300	87	54	195	195	195	195	195	195
1055	10	56	300	87	55	195	195	195	195	195	195
1056	10	57	300	87	56	195	195	195	195	195	195
1057	10	58	300	87	57	195	195	195	195	195	195
1058	10	59	300	87	58	195	195	195	195	195	195
1059	10	60	300	37	59	195	195	195	195	195	195
1060	10	61	300	37	60	195	195	195	195	195	195
1061	10	62	300	37	61	195	195	195	195	195	195
1062	10	63	300	37	62	195	195	195	195	195	195
1063	10	64	300	37	63	195	195	195	195	195	195
1064	10	65	300	37	64	195	195	195	195	195	195
1065	10	66	300	37	65	195	195	195	195	195	195
1066	10	67	300	37	66	195	195	195	195	195	195
1067	10	68	300	37	67	195	195	195	195	195	195
1068	10	69	300	45	68	195	195	195	195	195	195
1069	10	70	300	42	69	195	195	195	195	195	195
1070	10	71	300	37	70	195	195	195	195	195	195
1071	10	72	300	37	71	195	195	195	195	195	195
1072	10	73	300	36	72	195	195	195	195	195	195
1073	10	74	300	35	73	195	195	195	195	195	195
1074	10	75	300	34	74	195	195	195	195	195	195
1075	10	76	300	34	75	195	195	195	195	195	195
1076	10	77	300	33	76	195	195	195	195	195	195
1077	10	78	300	32	77	195	195	195	195	195	195
1078	10	79	300	32	78	195	195	195	195	195	195
1079	10	80	300	31	79	195	195	195	195	195	195
1080	10	81	300	24	80	195	195	195	195	195	195
1081	10	82	300	23	81	195	195	195	195	195	195
1082	10	83	300	22	82	195	195	195	195	195	195
1083	10	84	300	21	83	195	195	195	195	195	195
1084	10	85	300	21	84	195	195	195	195	195	195
1085	10	86	300	20	85	195	195	195	195	195	195
1086	10	87	300	19	86	195	195	195	195	195	195
1087	10	88	300	19	87	195	195	195	195	195	195
1088	10	89	300	18	88	195	195	195	195	195	195
1089	10	90	300	18	89	195	195	195	195	195	195
1090	10	91	300	15	90	195	195	195	195	195	195
1091	10	92	300	14	91	195	195	195	195	195	195
1092	10	93	300	14	92	195	195	195	195	195	195
1093	10	94	300	14	93	195	195	195	195	195	195
1094	10	95	300	14	94	195	195	195	195	195	195
1095	10	96	300	14	95	195	195	195	195	195	195
1096	10	97	300	13	96	195	195	195	195	195	195
1097	10	98	300	13	97	195	195	195	195	195	195
1098	10	99	300	13	98	195	195	195	195	195	195
1099	10	100	0	0	0	195	195	195	195	195	195
1100	11	1	100	3500	0	20	20	20	20	20	20
1101	11	2	115	2000	1	30	30	30	30	30	30
1102	11	3	132	1000	1	42	42	42	42	42	42
1103	11	4	151	500	1	60	60	60	60	60	60
1104	11	5	173	500	1	88	88	88	88	88	88
1105	11	6	199	200	5	140	140	140	140	140	140
1106	11	7	228	200	5	186	186	186	186	186	186
1107	11	8	261	200	7	270	270	270	270	270	270
1108	11	9	300	200	8	390	390	390	390	390	390
1109	11	10	173	1000	9	390	390	390	390	390	390
1110	11	11	199	1000	10	390	390	390	390	390	390
1111	11	12	228	1000	11	390	390	390	390	390	390
1112	11	13	261	1000	12	390	390	390	390	390	390
1113	11	14	300	1000	13	390	390	390	390	390	390
1114	11	15	300	1000	14	390	390	390	390	390	390
1115	11	16	300	1000	15	390	390	390	390	390	390
1116	11	17	300	1000	16	390	390	390	390	390	390
1117	11	18	300	1000	17	390	390	390	390	390	390
1118	11	19	300	1000	18	390	390	390	390	390	390
1119	11	20	300	1000	19	390	390	390	390	390	390
1120	11	21	300	2666	20	390	390	390	390	390	390
1121	11	22	300	1000	21	390	390	390	390	390	390
1122	11	23	300	1000	22	390	390	390	390	390	390
1123	11	24	300	333	23	390	390	390	390	390	390
1124	11	25	300	857	24	390	390	390	390	390	390
1125	11	26	300	500	25	390	390	390	390	390	390
1126	11	27	300	222	26	390	390	390	390	390	390
1127	11	28	300	100	27	390	390	390	390	390	390
1128	11	29	300	818	28	390	390	390	390	390	390
1129	11	30	300	666	29	390	390	390	390	390	390
1130	11	31	300	250	30	390	390	390	390	390	390
1131	11	32	300	111	31	390	390	390	390	390	390
1132	11	33	300	309	32	390	390	390	390	390	390
1133	11	34	300	314	33	390	390	390	390	390	390
1134	11	35	300	188	34	390	390	390	390	390	390
1135	11	36	300	200	35	390	390	390	390	390	390
1136	11	37	300	134	36	390	390	390	390	390	390
1137	11	38	300	84	37	390	390	390	390	390	390
1138	11	39	300	44	38	390	390	390	390	390	390
1139	11	40	300	112	39	390	390	390	390	390	390
1140	11	41	300	127	40	390	390	390	390	390	390
1141	11	42	300	112	41	390	390	390	390	390	390
1142	11	43	300	100	42	390	390	390	390	390	390
1143	11	44	300	88	43	390	390	390	390	390	390
1144	11	45	300	78	44	390	390	390	390	390	390
1145	11	46	300	169	45	390	390	390	390	390	390
1146	11	47	300	161	46	390	390	390	390	390	390
1147	11	48	300	153	47	390	390	390	390	390	390
1148	11	49	300	147	48	390	390	390	390	390	390
1149	11	50	300	87	49	390	390	390	390	390	390
1150	11	51	300	87	50	390	390	390	390	390	390
1151	11	52	300	87	51	390	390	390	390	390	390
1152	11	53	300	87	52	390	390	390	390	390	390
1153	11	54	300	87	53	390	390	390	390	390	390
1154	11	55	300	87	54	390	390	390	390	390	390
1155	11	56	300	87	55	390	390	390	390	390	390
1156	11	57	300	87	56	390	390	390	390	390	390
1157	11	58	300	87	57	390	390	390	390	390	390
1158	11	59	300	87	58	390	390	390	390	390	390
1159	11	60	300	37	59	390	390	390	390	390	390
1160	11	61	300	37	60	390	390	390	390	390	390
1161	11	62	300	37	61	390	390	390	390	390	390
1162	11	63	300	37	62	390	390	390	390	390	390
1163	11	64	300	37	63	390	390	390	390	390	390
1164	11	65	300	37	64	390	390	390	390	390	390
1165	11	66	300	37	65	390	390	390	390	390	390
1166	11	67	300	37	66	390	390	390	390	390	390
1167	11	68	300	37	67	390	390	390	390	390	390
1168	11	69	300	45	68	390	390	390	390	390	390
1169	11	70	300	42	69	390	390	390	390	390	390
1170	11	71	300	37	70	390	390	390	390	390	390
1171	11	72	300	37	71	390	390	390	390	390	390
1172	11	73	300	36	72	390	390	390	390	390	390
1173	11	74	300	35	73	390	390	390	390	390	390
1174	11	75	300	34	74	390	390	390	390	390	390
1175	11	76	300	34	75	390	390	390	390	390	390
1176	11	77	300	33	76	390	390	390	390	390	390
1177	11	78	300	32	77	390	390	390	390	390	390
1178	11	79	300	32	78	390	390	390	390	390	390
1179	11	80	300	31	79	390	390	390	390	390	390
1180	11	81	300	24	80	390	390	390	390	390	390
1181	11	82	300	23	81	390	390	390	390	390	390
1182	11	83	300	22	82	390	390	390	390	390	390
1183	11	84	300	21	83	390	390	390	390	390	390
1184	11	85	300	21	84	390	390	390	390	390	390
1185	11	86	300	20	85	390	390	390	390	390	390
1186	11	87	300	19	86	390	390	390	390	390	390
1187	11	88	300	19	87	390	390	390	390	390	390
1188	11	89	300	18	88	390	390	390	390	390	390
1189	11	90	300	18	89	390	390	390	390	390	390
1190	11	91	300	15	90	390	390	390	390	390	390
1191	11	92	300	14	91	390	390	390	390	390	390
1192	11	93	300	14	92	390	390	390	390	390	390
1193	11	94	300	14	93	390	390	390	390	390	390
1194	11	95	300	14	94	390	390	390	390	390	390
1195	11	96	300	14	95	390	390	390	390	390	390
1196	11	97	300	13	96	390	390	390	390	390	390
1197	11	98	300	13	97	390	390	390	390	390	390
1198	11	99	300	13	98	390	390	390	390	390	390
1199	11	100	0	0	0	390	390	390	390	390	390
1200	12	1	100	3500	0	20	20	20	20	20	20
1201	12	2	115	2000	1	30	30	30	30	30	30
1202	12	3	132	1000	1	42	42	42	42	42	42
1203	12	4	151	500	1	60	60	60	60	60	60
1204	12	5	173	500	1	88	88	88	88	88	88
1205	12	6	199	200	5	140	140	140	140	140	140
1206	12	7	228	200	5	186	186	186	186	186	186
1207	12	8	261	200	7	270	270	270	270	270	270
1208	12	9	300	200	8	390	390	390	390	390	390
1209	12	10	173	1000	9	390	390	390	390	390	390
1210	12	11	199	1000	10	390	390	390	390	390	390
1211	12	12	228	1000	11	390	390	390	390	390	390
1212	12	13	261	1000	12	390	390	390	390	390	390
1213	12	14	300	1000	13	390	390	390	390	390	390
1214	12	15	300	1000	14	390	390	390	390	390	390
1215	12	16	300	1000	15	390	390	390	390	390	390
1216	12	17	300	1000	16	390	390	390	390	390	390
1217	12	18	300	1000	17	390	390	390	390	390	390
1218	12	19	300	1000	18	390	390	390	390	390	390
1219	12	20	300	1000	19	390	390	390	390	390	390
1220	12	21	300	2666	20	390	390	390	390	390	390
1221	12	22	300	1000	21	390	390	390	390	390	390
1222	12	23	300	1000	22	390	390	390	390	390	390
1223	12	24	300	333	23	390	390	390	390	390	390
1224	12	25	300	857	24	390	390	390	390	390	390
1225	12	26	300	500	25	390	390	390	390	390	390
1226	12	27	300	222	26	390	390	390	390	390	390
1227	12	28	300	100	27	390	390	390	390	390	390
1228	12	29	300	818	28	390	390	390	390	390	390
1229	12	30	300	666	29	390	390	390	390	390	390
1230	12	31	300	250	30	390	390	390	390	390	390
1231	12	32	300	111	31	390	390	390	390	390	390
1232	12	33	300	309	32	390	390	390	390	390	390
1233	12	34	300	314	33	390	390	390	390	390	390
1234	12	35	300	188	34	390	390	390	390	390	390
1235	12	36	300	200	35	390	390	390	390	390	390
1236	12	37	300	134	36	390	390	390	390	390	390
1237	12	38	300	84	37	390	390	390	390	390	390
1238	12	39	300	44	38	390	390	390	390	390	390
1239	12	40	300	112	39	390	390	390	390	390	390
1240	12	41	300	127	40	390	390	390	390	390	390
1241	12	42	300	112	41	390	390	390	390	390	390
1242	12	43	300	100	42	390	390	390	390	390	390
1243	12	44	300	88	43	390	390	390	390	390	390
1244	12	45	300	78	44	390	390	390	390	390	390
1245	12	46	300	169	45	390	390	390	390	390	390
1246	12	47	300	161	46	390	390	390	390	390	390
1247	12	48	300	153	47	390	390	390	390	390	390
1248	12	49	300	147	48	390	390	390	390	390	390
1249	12	50	300	87	49	390	390	390	390	390	390
1250	12	51	300	87	50	390	390	390	390	390	390
1251	12	52	300	87	51	390	390	390	390	390	390
1252	12	53	300	87	52	390	390	390	390	390	390
1253	12	54	300	87	53	390	390	390	390	390	390
1254	12	55	300	87	54	390	390	390	390	390	390
1255	12	56	300	87	55	390	390	390	390	390	390
1256	12	57	300	87	56	390	390	390	390	390	390
1257	12	58	300	87	57	390	390	390	390	390	390
1258	12	59	300	87	58	390	390	390	390	390	390
1259	12	60	300	37	59	390	390	390	390	390	390
1260	12	61	300	37	60	390	390	390	390	390	390
1261	12	62	300	37	61	390	390	390	390	390	390
1262	12	63	300	37	62	390	390	390	390	390	390
1263	12	64	300	37	63	390	390	390	390	390	390
1264	12	65	300	37	64	390	390	390	390	390	390
1265	12	66	300	37	65	390	390	390	390	390	390
1266	12	67	300	37	66	390	390	390	390	390	390
1267	12	68	300	37	67	390	390	390	390	390	390
1268	12	69	300	45	68	390	390	390	390	390	390
1269	12	70	300	42	69	390	390	390	390	390	390
1270	12	71	300	37	70	390	390	390	390	390	390
1271	12	72	300	37	71	390	390	390	390	390	390
1272	12	73	300	36	72	390	390	390	390	390	390
1273	12	74	300	35	73	390	390	390	390	390	390
1274	12	75	300	34	74	390	390	390	390	390	390
1275	12	76	300	34	75	390	390	390	390	390	390
1276	12	77	300	33	76	390	390	390	390	390	390
1277	12	78	300	32	77	390	390	390	390	390	390
1278	12	79	300	32	78	390	390	390	390	390	390
1279	12	80	300	31	79	390	390	390	390	390	390
1280	12	81	300	24	80	390	390	390	390	390	390
1281	12	82	300	23	81	390	390	390	390	390	390
1282	12	83	300	22	82	390	390	390	390	390	390
1283	12	84	300	21	83	390	390	390	390	390	390
1284	12	85	300	21	84	390	390	390	390	390	390
1285	12	86	300	20	85	390	390	390	390	390	390
1286	12	87	300	19	86	390	390	390	390	390	390
1287	12	88	300	19	87	390	390	390	390	390	390
1288	12	89	300	18	88	390	390	390	390	390	390
1289	12	90	300	18	89	390	390	390	390	390	390
1290	12	91	300	15	90	390	390	390	390	390	390
1291	12	92	300	14	91	390	390	390	390	390	390
1292	12	93	300	14	92	390	390	390	390	390	390
1293	12	94	300	14	93	390	390	390	390	390	390
1294	12	95	300	14	94	390	390	390	390	390	390
1295	12	96	300	14	95	390	390	390	390	390	390
1296	12	97	300	13	96	390	390	390	390	390	390
1297	12	98	300	13	97	390	390	390	390	390	390
1298	12	99	300	13	98	390	390	390	390	390	390
1299	12	100	0	0	0	390	390	390	390	390	390
1300	13	1	100	3500	0	20	20	20	20	20	20
1301	13	2	115	2000	1	30	30	30	30	30	30
1302	13	3	132	1000	1	42	42	42	42	42	42
1303	13	4	151	500	1	60	60	60	60	60	60
1304	13	5	173	500	1	88	88	88	88	88	88
1305	13	6	199	200	5	140	140	140	140	140	140
1306	13	7	228	200	5	186	186	186	186	186	186
1307	13	8	261	200	7	270	270	270	270	270	270
1308	13	9	300	200	8	390	390	390	390	390	390
1309	13	10	173	1000	9	390	390	390	390	390	390
1310	13	11	199	1000	10	390	390	390	390	390	390
1311	13	12	228	1000	11	390	390	390	390	390	390
1312	13	13	261	1000	12	390	390	390	390	390	390
1313	13	14	300	1000	13	390	390	390	390	390	390
1314	13	15	300	1000	14	390	390	390	390	390	390
1315	13	16	300	1000	15	390	390	390	390	390	390
1316	13	17	300	1000	16	390	390	390	390	390	390
1317	13	18	300	1000	17	390	390	390	390	390	390
1318	13	19	300	1000	18	390	390	390	390	390	390
1319	13	20	300	1000	19	390	390	390	390	390	390
1320	13	21	300	2666	20	390	390	390	390	390	390
1321	13	22	300	1000	21	390	390	390	390	390	390
1322	13	23	300	1000	22	390	390	390	390	390	390
1323	13	24	300	333	23	390	390	390	390	390	390
1324	13	25	300	857	24	390	390	390	390	390	390
1325	13	26	300	500	25	390	390	390	390	390	390
1326	13	27	300	222	26	390	390	390	390	390	390
1327	13	28	300	100	27	390	390	390	390	390	390
1328	13	29	300	818	28	390	390	390	390	390	390
1329	13	30	300	666	29	390	390	390	390	390	390
1330	13	31	300	250	30	390	390	390	390	390	390
1331	13	32	300	111	31	390	390	390	390	390	390
1332	13	33	300	309	32	390	390	390	390	390	390
1333	13	34	300	314	33	390	390	390	390	390	390
1334	13	35	300	188	34	390	390	390	390	390	390
1335	13	36	300	200	35	390	390	390	390	390	390
1336	13	37	300	134	36	390	390	390	390	390	390
1337	13	38	300	84	37	390	390	390	390	390	390
1338	13	39	300	44	38	390	390	390	390	390	390
1339	13	40	300	112	39	390	390	390	390	390	390
1340	13	41	300	127	40	390	390	390	390	390	390
1341	13	42	300	112	41	390	390	390	390	390	390
1342	13	43	300	100	42	390	390	390	390	390	390
1343	13	44	300	88	43	390	390	390	390	390	390
1344	13	45	300	78	44	390	390	390	390	390	390
1345	13	46	300	169	45	390	390	390	390	390	390
1346	13	47	300	161	46	390	390	390	390	390	390
1347	13	48	300	153	47	390	390	390	390	390	390
1348	13	49	300	147	48	390	390	390	390	390	390
1349	13	50	300	87	49	390	390	390	390	390	390
1350	13	51	300	87	50	390	390	390	390	390	390
1351	13	52	300	87	51	390	390	390	390	390	390
1352	13	53	300	87	52	390	390	390	390	390	390
1353	13	54	300	87	53	390	390	390	390	390	390
1354	13	55	300	87	54	390	390	390	390	390	390
1355	13	56	300	87	55	390	390	390	390	390	390
1356	13	57	300	87	56	390	390	390	390	390	390
1357	13	58	300	87	57	390	390	390	390	390	390
1358	13	59	300	87	58	390	390	390	390	390	390
1359	13	60	300	37	59	390	390	390	390	390	390
1360	13	61	300	37	60	390	390	390	390	390	390
1361	13	62	300	37	61	390	390	390	390	390	390
1362	13	63	300	37	62	390	390	390	390	390	390
1363	13	64	300	37	63	390	390	390	390	390	390
1364	13	65	300	37	64	390	390	390	390	390	390
1365	13	66	300	37	65	390	390	390	390	390	390
1366	13	67	300	37	66	390	390	390	390	390	390
1367	13	68	300	37	67	390	390	390	390	390	390
1368	13	69	300	45	68	390	390	390	390	390	390
1369	13	70	300	42	69	390	390	390	390	390	390
1370	13	71	300	37	70	390	390	390	390	390	390
1371	13	72	300	37	71	390	390	390	390	390	390
1372	13	73	300	36	72	390	390	390	390	390	390
1373	13	74	300	35	73	390	390	390	390	390	390
1374	13	75	300	34	74	390	390	390	390	390	390
1375	13	76	300	34	75	390	390	390	390	390	390
1376	13	77	300	33	76	390	390	390	390	390	390
1377	13	78	300	32	77	390	390	390	390	390	390
1378	13	79	300	32	78	390	390	390	390	390	390
1379	13	80	300	31	79	390	390	390	390	390	390
1380	13	81	300	24	80	390	390	390	390	390	390
1381	13	82	300	23	81	390	390	390	390	390	390
1382	13	83	300	22	82	390	390	390	390	390	390
1383	13	84	300	21	83	390	390	390	390	390	390
1384	13	85	300	21	84	390	390	390	390	390	390
1385	13	86	300	20	85	390	390	390	390	390	390
1386	13	87	300	19	86	390	390	390	390	390	390
1387	13	88	300	19	87	390	390	390	390	390	390
1388	13	89	300	18	88	390	390	390	390	390	390
1389	13	90	300	18	89	390	390	390	390	390	390
1390	13	91	300	15	90	390	390	390	390	390	390
1391	13	92	300	14	91	390	390	390	390	390	390
1392	13	93	300	14	92	390	390	390	390	390	390
1393	13	94	300	14	93	390	390	390	390	390	390
1394	13	95	300	14	94	390	390	390	390	390	390
1395	13	96	300	14	95	390	390	390	390	390	390
1396	13	97	300	13	96	390	390	390	390	390	390
1397	13	98	300	13	97	390	390	390	390	390	390
1398	13	99	300	13	98	390	390	390	390	390	390
1399	13	100	0	0	0	390	390	390	390	390	390
1400	14	1	100	3500	0	20	20	20	20	20	20
1401	14	2	115	2000	1	30	30	30	30	30	30
1402	14	3	132	1000	1	42	42	42	42	42	42
1403	14	4	151	500	1	60	60	60	60	60	60
1404	14	5	173	500	1	88	88	88	88	88	88
1405	14	6	199	200	5	140	140	140	140	140	140
1406	14	7	228	200	5	186	186	186	186	186	186
1407	14	8	261	200	7	270	270	270	270	270	270
1408	14	9	300	200	8	390	390	390	390	390	390
1409	14	10	173	1000	9	390	390	390	390	390	390
1410	14	11	199	1000	10	390	390	390	390	390	390
1411	14	12	228	1000	11	390	390	390	390	390	390
1412	14	13	261	1000	12	390	390	390	390	390	390
1413	14	14	300	1000	13	390	390	390	390	390	390
1414	14	15	300	1000	14	390	390	390	390	390	390
1415	14	16	300	1000	15	390	390	390	390	390	390
1416	14	17	300	1000	16	390	390	390	390	390	390
1417	14	18	300	1000	17	390	390	390	390	390	390
1418	14	19	300	1000	18	390	390	390	390	390	390
1419	14	20	300	1000	19	390	390	390	390	390	390
1420	14	21	300	2666	20	390	390	390	390	390	390
1421	14	22	300	1000	21	390	390	390	390	390	390
1422	14	23	300	1000	22	390	390	390	390	390	390
1423	14	24	300	333	23	390	390	390	390	390	390
1424	14	25	300	857	24	390	390	390	390	390	390
1425	14	26	300	500	25	390	390	390	390	390	390
1426	14	27	300	222	26	390	390	390	390	390	390
1427	14	28	300	100	27	390	390	390	390	390	390
1428	14	29	300	818	28	390	390	390	390	390	390
1429	14	30	300	666	29	390	390	390	390	390	390
1430	14	31	300	250	30	390	390	390	390	390	390
1431	14	32	300	111	31	390	390	390	390	390	390
1432	14	33	300	309	32	390	390	390	390	390	390
1433	14	34	300	314	33	390	390	390	390	390	390
1434	14	35	300	188	34	390	390	390	390	390	390
1435	14	36	300	200	35	390	390	390	390	390	390
1436	14	37	300	134	36	390	390	390	390	390	390
1437	14	38	300	84	37	390	390	390	390	390	390
1438	14	39	300	44	38	390	390	390	390	390	390
1439	14	40	300	112	39	390	390	390	390	390	390
1440	14	41	300	127	40	390	390	390	390	390	390
1441	14	42	300	112	41	390	390	390	390	390	390
1442	14	43	300	100	42	390	390	390	390	390	390
1443	14	44	300	88	43	390	390	390	390	390	390
1444	14	45	300	78	44	390	390	390	390	390	390
1445	14	46	300	169	45	390	390	390	390	390	390
1446	14	47	300	161	46	390	390	390	390	390	390
1447	14	48	300	153	47	390	390	390	390	390	390
1448	14	49	300	147	48	390	390	390	390	390	390
1449	14	50	300	87	49	390	390	390	390	390	390
1450	14	51	300	87	50	390	390	390	390	390	390
1451	14	52	300	87	51	390	390	390	390	390	390
1452	14	53	300	87	52	390	390	390	390	390	390
1453	14	54	300	87	53	390	390	390	390	390	390
1454	14	55	300	87	54	390	390	390	390	390	390
1455	14	56	300	87	55	390	390	390	390	390	390
1456	14	57	300	87	56	390	390	390	390	390	390
1457	14	58	300	87	57	390	390	390	390	390	390
1458	14	59	300	87	58	390	390	390	390	390	390
1459	14	60	300	37	59	390	390	390	390	390	390
1460	14	61	300	37	60	390	390	390	390	390	390
1461	14	62	300	37	61	390	390	390	390	390	390
1462	14	63	300	37	62	390	390	390	390	390	390
1463	14	64	300	37	63	390	390	390	390	390	390
1464	14	65	300	37	64	390	390	390	390	390	390
1465	14	66	300	37	65	390	390	390	390	390	390
1466	14	67	300	37	66	390	390	390	390	390	390
1467	14	68	300	37	67	390	390	390	390	390	390
1468	14	69	300	45	68	390	390	390	390	390	390
1469	14	70	300	42	69	390	390	390	390	390	390
1470	14	71	300	37	70	390	390	390	390	390	390
1471	14	72	300	37	71	390	390	390	390	390	390
1472	14	73	300	36	72	390	390	390	390	390	390
1473	14	74	300	35	73	390	390	390	390	390	390
1474	14	75	300	34	74	390	390	390	390	390	390
1475	14	76	300	34	75	390	390	390	390	390	390
1476	14	77	300	33	76	390	390	390	390	390	390
1477	14	78	300	32	77	390	390	390	390	390	390
1478	14	79	300	32	78	390	390	390	390	390	390
1479	14	80	300	31	79	390	390	390	390	390	390
1480	14	81	300	24	80	390	390	390	390	390	390
1481	14	82	300	23	81	390	390	390	390	390	390
1482	14	83	300	22	82	390	390	390	390	390	390
1483	14	84	300	21	83	390	390	390	390	390	390
1484	14	85	300	21	84	390	390	390	390	390	390
1485	14	86	300	20	85	390	390	390	390	390	390
1486	14	87	300	19	86	390	390	390	390	390	390
1487	14	88	300	19	87	390	390	390	390	390	390
1488	14	89	300	18	88	390	390	390	390	390	390
1489	14	90	300	18	89	390	390	390	390	390	390
1490	14	91	300	15	90	390	390	390	390	390	390
1491	14	92	300	14	91	390	390	390	390	390	390
1492	14	93	300	14	92	390	390	390	390	390	390
1493	14	94	300	14	93	390	390	390	390	390	390
1494	14	95	300	14	94	390	390	390	390	390	390
1495	14	96	300	14	95	390	390	390	390	390	390
1496	14	97	300	13	96	390	390	390	390	390	390
1497	14	98	300	13	97	390	390	390	390	390	390
1498	14	99	300	13	98	390	390	390	390	390	390
1499	14	100	0	0	0	390	390	390	390	390	390
1500	15	1	100	3500	0	20	20	20	20	20	20
1501	15	2	115	2000	1	30	30	30	30	30	30
1502	15	3	132	1000	1	42	42	42	42	42	42
1503	15	4	151	500	1	60	60	60	60	60	60
1504	15	5	173	500	1	88	88	88	88	88	88
1505	15	6	199	200	5	140	140	140	140	140	140
1506	15	7	228	200	5	186	186	186	186	186	186
1507	15	8	261	200	7	270	270	270	270	270	270
1508	15	9	300	200	8	390	390	390	390	390	390
1509	15	10	173	1000	9	390	390	390	390	390	390
1510	15	11	199	1000	10	390	390	390	390	390	390
1511	15	12	228	1000	11	390	390	390	390	390	390
1512	15	13	261	1000	12	390	390	390	390	390	390
1513	15	14	300	1000	13	390	390	390	390	390	390
1514	15	15	300	1000	14	390	390	390	390	390	390
1515	15	16	300	1000	15	390	390	390	390	390	390
1516	15	17	300	1000	16	390	390	390	390	390	390
1517	15	18	300	1000	17	390	390	390	390	390	390
1518	15	19	300	1000	18	390	390	390	390	390	390
1519	15	20	300	1000	19	390	390	390	390	390	390
1520	15	21	300	2666	20	390	390	390	390	390	390
1521	15	22	300	1000	21	390	390	390	390	390	390
1522	15	23	300	1000	22	390	390	390	390	390	390
1523	15	24	300	333	23	390	390	390	390	390	390
1524	15	25	300	857	24	390	390	390	390	390	390
1525	15	26	300	500	25	390	390	390	390	390	390
1526	15	27	300	222	26	390	390	390	390	390	390
1527	15	28	300	100	27	390	390	390	390	390	390
1528	15	29	300	818	28	390	390	390	390	390	390
1529	15	30	300	666	29	390	390	390	390	390	390
1530	15	31	300	250	30	390	390	390	390	390	390
1531	15	32	300	111	31	390	390	390	390	390	390
1532	15	33	300	309	32	390	390	390	390	390	390
1533	15	34	300	314	33	390	390	390	390	390	390
1534	15	35	300	188	34	390	390	390	390	390	390
1535	15	36	300	200	35	390	390	390	390	390	390
1536	15	37	300	134	36	390	390	390	390	390	390
1537	15	38	300	84	37	390	390	390	390	390	390
1538	15	39	300	44	38	390	390	390	390	390	390
1539	15	40	300	112	39	390	390	390	390	390	390
1540	15	41	300	127	40	390	390	390	390	390	390
1541	15	42	300	112	41	390	390	390	390	390	390
1542	15	43	300	100	42	390	390	390	390	390	390
1543	15	44	300	88	43	390	390	390	390	390	390
1544	15	45	300	78	44	390	390	390	390	390	390
1545	15	46	300	169	45	390	390	390	390	390	390
1546	15	47	300	161	46	390	390	390	390	390	390
1547	15	48	300	153	47	390	390	390	390	390	390
1548	15	49	300	147	48	390	390	390	390	390	390
1549	15	50	300	87	49	390	390	390	390	390	390
1550	15	51	300	87	50	390	390	390	390	390	390
1551	15	52	300	87	51	390	390	390	390	390	390
1552	15	53	300	87	52	390	390	390	390	390	390
1553	15	54	300	87	53	390	390	390	390	390	390
1554	15	55	300	87	54	390	390	390	390	390	390
1555	15	56	300	87	55	390	390	390	390	390	390
1556	15	57	300	87	56	390	390	390	390	390	390
1557	15	58	300	87	57	390	390	390	390	390	390
1558	15	59	300	87	58	390	390	390	390	390	390
1559	15	60	300	37	59	390	390	390	390	390	390
1560	15	61	300	37	60	390	390	390	390	390	390
1561	15	62	300	37	61	390	390	390	390	390	390
1562	15	63	300	37	62	390	390	390	390	390	390
1563	15	64	300	37	63	390	390	390	390	390	390
1564	15	65	300	37	64	390	390	390	390	390	390
1565	15	66	300	37	65	390	390	390	390	390	390
1566	15	67	300	37	66	390	390	390	390	390	390
1567	15	68	300	37	67	390	390	390	390	390	390
1568	15	69	300	45	68	390	390	390	390	390	390
1569	15	70	300	42	69	390	390	390	390	390	390
1570	15	71	300	37	70	390	390	390	390	390	390
1571	15	72	300	37	71	390	390	390	390	390	390
1572	15	73	300	36	72	390	390	390	390	390	390
1573	15	74	300	35	73	390	390	390	390	390	390
1574	15	75	300	34	74	390	390	390	390	390	390
1575	15	76	300	34	75	390	390	390	390	390	390
1576	15	77	300	33	76	390	390	390	390	390	390
1577	15	78	300	32	77	390	390	390	390	390	390
1578	15	79	300	32	78	390	390	390	390	390	390
1579	15	80	300	31	79	390	390	390	390	390	390
1580	15	81	300	24	80	390	390	390	390	390	390
1581	15	82	300	23	81	390	390	390	390	390	390
1582	15	83	300	22	82	390	390	390	390	390	390
1583	15	84	300	21	83	390	390	390	390	390	390
1584	15	85	300	21	84	390	390	390	390	390	390
1585	15	86	300	20	85	390	390	390	390	390	390
1586	15	87	300	19	86	390	390	390	390	390	390
1587	15	88	300	19	87	390	390	390	390	390	390
1588	15	89	300	18	88	390	390	390	390	390	390
1589	15	90	300	18	89	390	390	390	390	390	390
1590	15	91	300	15	90	390	390	390	390	390	390
1591	15	92	300	14	91	390	390	390	390	390	390
1592	15	93	300	14	92	390	390	390	390	390	390
1593	15	94	300	14	93	390	390	390	390	390	390
1594	15	95	300	14	94	390	390	390	390	390	390
1595	15	96	300	14	95	390	390	390	390	390	390
1596	15	97	300	13	96	390	390	390	390	390	390
1597	15	98	300	13	97	390	390	390	390	390	390
1598	15	99	300	13	98	390	390	390	390	390	390
1599	15	100	0	0	0	390	390	390	390	390	390
1600	16	1	100	3500	0	10	10	10	10	10	10
1601	16	2	115	2000	1	15	15	15	15	15	15
1602	16	3	132	1000	1	21	21	21	21	21	21
1603	16	4	151	500	1	30	30	30	30	30	30
1604	16	5	173	500	1	44	44	44	44	44	44
1605	16	6	199	200	5	70	70	70	70	70	70
1606	16	7	228	200	5	93	93	93	93	93	93
1607	16	8	261	200	7	135	135	135	135	135	135
1608	16	9	300	200	8	195	195	195	195	195	195
1609	16	10	300	1000	9	195	195	195	195	195	195
1610	16	11	300	1000	10	195	195	195	195	195	195
1611	16	12	300	1000	11	195	195	195	195	195	195
1612	16	13	300	1000	12	195	195	195	195	195	195
1613	16	14	300	1000	13	195	195	195	195	195	195
1614	16	15	300	1000	14	195	195	195	195	195	195
1615	16	16	300	1000	15	195	195	195	195	195	195
1616	16	17	300	1000	16	195	195	195	195	195	195
1617	16	18	300	1000	17	195	195	195	195	195	195
1618	16	19	300	1000	18	195	195	195	195	195	195
1619	16	20	300	1000	19	195	195	195	195	195	195
1620	16	21	300	2666	20	195	195	195	195	195	195
1621	16	22	300	1000	21	195	195	195	195	195	195
1622	16	23	300	1000	22	195	195	195	195	195	195
1623	16	24	300	333	23	195	195	195	195	195	195
1624	16	25	300	857	24	195	195	195	195	195	195
1625	16	26	300	500	25	195	195	195	195	195	195
1626	16	27	300	222	26	195	195	195	195	195	195
1627	16	28	300	100	27	195	195	195	195	195	195
1628	16	29	300	818	28	195	195	195	195	195	195
1629	16	30	300	666	29	195	195	195	195	195	195
1630	16	31	300	250	30	195	195	195	195	195	195
1631	16	32	300	111	31	195	195	195	195	195	195
1632	16	33	300	309	32	195	195	195	195	195	195
1633	16	34	300	314	33	195	195	195	195	195	195
1634	16	35	300	188	34	195	195	195	195	195	195
1635	16	36	300	200	35	195	195	195	195	195	195
1636	16	37	300	134	36	195	195	195	195	195	195
1637	16	38	300	84	37	195	195	195	195	195	195
1638	16	39	300	44	38	195	195	195	195	195	195
1639	16	40	300	112	39	195	195	195	195	195	195
1640	16	41	300	127	40	195	195	195	195	195	195
1641	16	42	300	112	41	195	195	195	195	195	195
1642	16	43	300	100	42	195	195	195	195	195	195
1643	16	44	300	88	43	195	195	195	195	195	195
1644	16	45	300	78	44	195	195	195	195	195	195
1645	16	46	300	169	45	195	195	195	195	195	195
1646	16	47	300	161	46	195	195	195	195	195	195
1647	16	48	300	153	47	195	195	195	195	195	195
1648	16	49	300	147	48	195	195	195	195	195	195
1649	16	50	300	87	49	195	195	195	195	195	195
1650	16	51	300	87	50	195	195	195	195	195	195
1651	16	52	300	87	51	195	195	195	195	195	195
1652	16	53	300	87	52	195	195	195	195	195	195
1653	16	54	300	87	53	195	195	195	195	195	195
1654	16	55	300	87	54	195	195	195	195	195	195
1655	16	56	300	87	55	195	195	195	195	195	195
1656	16	57	300	87	56	195	195	195	195	195	195
1657	16	58	300	87	57	195	195	195	195	195	195
1658	16	59	300	87	58	195	195	195	195	195	195
1659	16	60	300	37	59	195	195	195	195	195	195
1660	16	61	300	37	60	195	195	195	195	195	195
1661	16	62	300	37	61	195	195	195	195	195	195
1662	16	63	300	37	62	195	195	195	195	195	195
1663	16	64	300	37	63	195	195	195	195	195	195
1664	16	65	300	37	64	195	195	195	195	195	195
1665	16	66	300	37	65	195	195	195	195	195	195
1666	16	67	300	37	66	195	195	195	195	195	195
1667	16	68	300	37	67	195	195	195	195	195	195
1668	16	69	300	45	68	195	195	195	195	195	195
1669	16	70	300	42	69	195	195	195	195	195	195
1670	16	71	300	37	70	195	195	195	195	195	195
1671	16	72	300	37	71	195	195	195	195	195	195
1672	16	73	300	36	72	195	195	195	195	195	195
1673	16	74	300	35	73	195	195	195	195	195	195
1674	16	75	300	34	74	195	195	195	195	195	195
1675	16	76	300	34	75	195	195	195	195	195	195
1676	16	77	300	33	76	195	195	195	195	195	195
1677	16	78	300	32	77	195	195	195	195	195	195
1678	16	79	300	32	78	195	195	195	195	195	195
1679	16	80	300	31	79	195	195	195	195	195	195
1680	16	81	300	24	80	195	195	195	195	195	195
1681	16	82	300	23	81	195	195	195	195	195	195
1682	16	83	300	22	82	195	195	195	195	195	195
1683	16	84	300	21	83	195	195	195	195	195	195
1684	16	85	300	21	84	195	195	195	195	195	195
1685	16	86	300	20	85	195	195	195	195	195	195
1686	16	87	300	19	86	195	195	195	195	195	195
1687	16	88	300	19	87	195	195	195	195	195	195
1688	16	89	300	18	88	195	195	195	195	195	195
1689	16	90	300	18	89	195	195	195	195	195	195
1690	16	91	300	15	90	195	195	195	195	195	195
1691	16	92	300	14	91	195	195	195	195	195	195
1692	16	93	300	14	92	195	195	195	195	195	195
1693	16	94	300	14	93	195	195	195	195	195	195
1694	16	95	300	14	94	195	195	195	195	195	195
1695	16	96	300	14	95	195	195	195	195	195	195
1696	16	97	300	13	96	195	195	195	195	195	195
1697	16	98	300	13	97	195	195	195	195	195	195
1698	16	99	300	13	98	195	195	195	195	195	195
1699	16	100	0	0	0	195	195	195	195	195	195
1700	17	1	100	3500	0	10	10	10	10	10	10
1701	17	2	115	2000	1	15	15	15	15	15	15
1702	17	3	132	1000	1	21	21	21	21	21	21
1703	17	4	151	500	1	30	30	30	30	30	30
1704	17	5	173	500	1	44	44	44	44	44	44
1705	17	6	199	200	5	70	70	70	70	70	70
1706	17	7	228	200	5	93	93	93	93	93	93
1707	17	8	261	200	7	135	135	135	135	135	135
1708	17	9	300	200	8	195	195	195	195	195	195
1709	17	10	300	1000	9	195	195	195	195	195	195
1710	17	11	300	1000	10	195	195	195	195	195	195
1711	17	12	300	1000	11	195	195	195	195	195	195
1712	17	13	300	1000	12	195	195	195	195	195	195
1713	17	14	300	1000	13	195	195	195	195	195	195
1714	17	15	300	1000	14	195	195	195	195	195	195
1715	17	16	300	1000	15	195	195	195	195	195	195
1716	17	17	300	1000	16	195	195	195	195	195	195
1717	17	18	300	1000	17	195	195	195	195	195	195
1718	17	19	300	1000	18	195	195	195	195	195	195
1719	17	20	300	1000	19	195	195	195	195	195	195
1720	17	21	300	2666	20	195	195	195	195	195	195
1721	17	22	300	1000	21	195	195	195	195	195	195
1722	17	23	300	1000	22	195	195	195	195	195	195
1723	17	24	300	333	23	195	195	195	195	195	195
1724	17	25	300	857	24	195	195	195	195	195	195
1725	17	26	300	500	25	195	195	195	195	195	195
1726	17	27	300	222	26	195	195	195	195	195	195
1727	17	28	300	100	27	195	195	195	195	195	195
1728	17	29	300	818	28	195	195	195	195	195	195
1729	17	30	300	666	29	195	195	195	195	195	195
1730	17	31	300	250	30	195	195	195	195	195	195
1731	17	32	300	111	31	195	195	195	195	195	195
1732	17	33	300	309	32	195	195	195	195	195	195
1733	17	34	300	314	33	195	195	195	195	195	195
1734	17	35	300	188	34	195	195	195	195	195	195
1735	17	36	300	200	35	195	195	195	195	195	195
1736	17	37	300	134	36	195	195	195	195	195	195
1737	17	38	300	84	37	195	195	195	195	195	195
1738	17	39	300	44	38	195	195	195	195	195	195
1739	17	40	300	112	39	195	195	195	195	195	195
1740	17	41	300	127	40	195	195	195	195	195	195
1741	17	42	300	112	41	195	195	195	195	195	195
1742	17	43	300	100	42	195	195	195	195	195	195
1743	17	44	300	88	43	195	195	195	195	195	195
1744	17	45	300	78	44	195	195	195	195	195	195
1745	17	46	300	169	45	195	195	195	195	195	195
1746	17	47	300	161	46	195	195	195	195	195	195
1747	17	48	300	153	47	195	195	195	195	195	195
1748	17	49	300	147	48	195	195	195	195	195	195
1749	17	50	300	87	49	195	195	195	195	195	195
1750	17	51	300	87	50	195	195	195	195	195	195
1751	17	52	300	87	51	195	195	195	195	195	195
1752	17	53	300	87	52	195	195	195	195	195	195
1753	17	54	300	87	53	195	195	195	195	195	195
1754	17	55	300	87	54	195	195	195	195	195	195
1755	17	56	300	87	55	195	195	195	195	195	195
1756	17	57	300	87	56	195	195	195	195	195	195
1757	17	58	300	87	57	195	195	195	195	195	195
1758	17	59	300	87	58	195	195	195	195	195	195
1759	17	60	300	37	59	195	195	195	195	195	195
1760	17	61	300	37	60	195	195	195	195	195	195
1761	17	62	300	37	61	195	195	195	195	195	195
1762	17	63	300	37	62	195	195	195	195	195	195
1763	17	64	300	37	63	195	195	195	195	195	195
1764	17	65	300	37	64	195	195	195	195	195	195
1765	17	66	300	37	65	195	195	195	195	195	195
1766	17	67	300	37	66	195	195	195	195	195	195
1767	17	68	300	37	67	195	195	195	195	195	195
1768	17	69	300	45	68	195	195	195	195	195	195
1769	17	70	300	42	69	195	195	195	195	195	195
1770	17	71	300	37	70	195	195	195	195	195	195
1771	17	72	300	37	71	195	195	195	195	195	195
1772	17	73	300	36	72	195	195	195	195	195	195
1773	17	74	300	35	73	195	195	195	195	195	195
1774	17	75	300	34	74	195	195	195	195	195	195
1775	17	76	300	34	75	195	195	195	195	195	195
1776	17	77	300	33	76	195	195	195	195	195	195
1777	17	78	300	32	77	195	195	195	195	195	195
1778	17	79	300	32	78	195	195	195	195	195	195
1779	17	80	300	31	79	195	195	195	195	195	195
1780	17	81	300	24	80	195	195	195	195	195	195
1781	17	82	300	23	81	195	195	195	195	195	195
1782	17	83	300	22	82	195	195	195	195	195	195
1783	17	84	300	21	83	195	195	195	195	195	195
1784	17	85	300	21	84	195	195	195	195	195	195
1785	17	86	300	20	85	195	195	195	195	195	195
1786	17	87	300	19	86	195	195	195	195	195	195
1787	17	88	300	19	87	195	195	195	195	195	195
1788	17	89	300	18	88	195	195	195	195	195	195
1789	17	90	300	18	89	195	195	195	195	195	195
1790	17	91	300	15	90	195	195	195	195	195	195
1791	17	92	300	14	91	195	195	195	195	195	195
1792	17	93	300	14	92	195	195	195	195	195	195
1793	17	94	300	14	93	195	195	195	195	195	195
1794	17	95	300	14	94	195	195	195	195	195	195
1795	17	96	300	14	95	195	195	195	195	195	195
1796	17	97	300	13	96	195	195	195	195	195	195
1797	17	98	300	13	97	195	195	195	195	195	195
1798	17	99	300	13	98	195	195	195	195	195	195
1799	17	100	0	0	0	195	195	195	195	195	195
1800	18	1	100	3500	0	10	10	10	10	10	10
1801	18	2	115	2000	1	15	15	15	15	15	15
1802	18	3	132	1000	1	21	21	21	21	21	21
1803	18	4	151	500	1	30	30	30	30	30	30
1804	18	5	173	500	1	44	44	44	44	44	44
1805	18	6	199	200	5	70	70	70	70	70	70
1806	18	7	228	200	5	93	93	93	93	93	93
1807	18	8	261	200	7	135	135	135	135	135	135
1808	18	9	300	200	8	195	195	195	195	195	195
1809	18	10	300	1000	9	195	195	195	195	195	195
1810	18	11	300	1000	10	195	195	195	195	195	195
1811	18	12	300	1000	11	195	195	195	195	195	195
1812	18	13	300	1000	12	195	195	195	195	195	195
1813	18	14	300	1000	13	195	195	195	195	195	195
1814	18	15	300	1000	14	195	195	195	195	195	195
1815	18	16	300	1000	15	195	195	195	195	195	195
1816	18	17	300	1000	16	195	195	195	195	195	195
1817	18	18	300	1000	17	195	195	195	195	195	195
1818	18	19	300	1000	18	195	195	195	195	195	195
1819	18	20	300	1000	19	195	195	195	195	195	195
1820	18	21	300	2666	20	195	195	195	195	195	195
1821	18	22	300	1000	21	195	195	195	195	195	195
1822	18	23	300	1000	22	195	195	195	195	195	195
1823	18	24	300	333	23	195	195	195	195	195	195
1824	18	25	300	857	24	195	195	195	195	195	195
1825	18	26	300	500	25	195	195	195	195	195	195
1826	18	27	300	222	26	195	195	195	195	195	195
1827	18	28	300	100	27	195	195	195	195	195	195
1828	18	29	300	818	28	195	195	195	195	195	195
1829	18	30	300	666	29	195	195	195	195	195	195
1830	18	31	300	250	30	195	195	195	195	195	195
1831	18	32	300	111	31	195	195	195	195	195	195
1832	18	33	300	309	32	195	195	195	195	195	195
1833	18	34	300	314	33	195	195	195	195	195	195
1834	18	35	300	188	34	195	195	195	195	195	195
1835	18	36	300	200	35	195	195	195	195	195	195
1836	18	37	300	134	36	195	195	195	195	195	195
1837	18	38	300	84	37	195	195	195	195	195	195
1838	18	39	300	44	38	195	195	195	195	195	195
1839	18	40	300	112	39	195	195	195	195	195	195
1840	18	41	300	127	40	195	195	195	195	195	195
1841	18	42	300	112	41	195	195	195	195	195	195
1842	18	43	300	100	42	195	195	195	195	195	195
1843	18	44	300	88	43	195	195	195	195	195	195
1844	18	45	300	78	44	195	195	195	195	195	195
1845	18	46	300	169	45	195	195	195	195	195	195
1846	18	47	300	161	46	195	195	195	195	195	195
1847	18	48	300	153	47	195	195	195	195	195	195
1848	18	49	300	147	48	195	195	195	195	195	195
1849	18	50	300	87	49	195	195	195	195	195	195
1850	18	51	300	87	50	195	195	195	195	195	195
1851	18	52	300	87	51	195	195	195	195	195	195
1852	18	53	300	87	52	195	195	195	195	195	195
1853	18	54	300	87	53	195	195	195	195	195	195
1854	18	55	300	87	54	195	195	195	195	195	195
1855	18	56	300	87	55	195	195	195	195	195	195
1856	18	57	300	87	56	195	195	195	195	195	195
1857	18	58	300	87	57	195	195	195	195	195	195
1858	18	59	300	87	58	195	195	195	195	195	195
1859	18	60	300	37	59	195	195	195	195	195	195
1860	18	61	300	37	60	195	195	195	195	195	195
1861	18	62	300	37	61	195	195	195	195	195	195
1862	18	63	300	37	62	195	195	195	195	195	195
1863	18	64	300	37	63	195	195	195	195	195	195
1864	18	65	300	37	64	195	195	195	195	195	195
1865	18	66	300	37	65	195	195	195	195	195	195
1866	18	67	300	37	66	195	195	195	195	195	195
1867	18	68	300	37	67	195	195	195	195	195	195
1868	18	69	300	45	68	195	195	195	195	195	195
1869	18	70	300	42	69	195	195	195	195	195	195
1870	18	71	300	37	70	195	195	195	195	195	195
1871	18	72	300	37	71	195	195	195	195	195	195
1872	18	73	300	36	72	195	195	195	195	195	195
1873	18	74	300	35	73	195	195	195	195	195	195
1874	18	75	300	34	74	195	195	195	195	195	195
1875	18	76	300	34	75	195	195	195	195	195	195
1876	18	77	300	33	76	195	195	195	195	195	195
1877	18	78	300	32	77	195	195	195	195	195	195
1878	18	79	300	32	78	195	195	195	195	195	195
1879	18	80	300	31	79	195	195	195	195	195	195
1880	18	81	300	24	80	195	195	195	195	195	195
1881	18	82	300	23	81	195	195	195	195	195	195
1882	18	83	300	22	82	195	195	195	195	195	195
1883	18	84	300	21	83	195	195	195	195	195	195
1884	18	85	300	21	84	195	195	195	195	195	195
1885	18	86	300	20	85	195	195	195	195	195	195
1886	18	87	300	19	86	195	195	195	195	195	195
1887	18	88	300	19	87	195	195	195	195	195	195
1888	18	89	300	18	88	195	195	195	195	195	195
1889	18	90	300	18	89	195	195	195	195	195	195
1890	18	91	300	15	90	195	195	195	195	195	195
1891	18	92	300	14	91	195	195	195	195	195	195
1892	18	93	300	14	92	195	195	195	195	195	195
1893	18	94	300	14	93	195	195	195	195	195	195
1894	18	95	300	14	94	195	195	195	195	195	195
1895	18	96	300	14	95	195	195	195	195	195	195
1896	18	97	300	13	96	195	195	195	195	195	195
1897	18	98	300	13	97	195	195	195	195	195	195
1898	18	99	300	13	98	195	195	195	195	195	195
1899	18	100	0	0	0	195	195	195	195	195	195
1900	19	1	100	3500	0	10	10	10	10	10	10
1901	19	2	115	2000	1	15	15	15	15	15	15
1902	19	3	132	1000	1	21	21	21	21	21	21
1903	19	4	151	500	1	30	30	30	30	30	30
1904	19	5	173	500	1	44	44	44	44	44	44
1905	19	6	199	200	5	70	70	70	70	70	70
1906	19	7	228	200	5	93	93	93	93	93	93
1907	19	8	261	200	7	135	135	135	135	135	135
1908	19	9	300	200	8	195	195	195	195	195	195
1909	19	10	300	1000	9	195	195	195	195	195	195
1910	19	11	300	1000	10	195	195	195	195	195	195
1911	19	12	300	1000	11	195	195	195	195	195	195
1912	19	13	300	1000	12	195	195	195	195	195	195
1913	19	14	300	1000	13	195	195	195	195	195	195
1914	19	15	300	1000	14	195	195	195	195	195	195
1915	19	16	300	1000	15	195	195	195	195	195	195
1916	19	17	300	1000	16	195	195	195	195	195	195
1917	19	18	300	1000	17	195	195	195	195	195	195
1918	19	19	300	1000	18	195	195	195	195	195	195
1919	19	20	300	1000	19	195	195	195	195	195	195
1920	19	21	300	2666	20	195	195	195	195	195	195
1921	19	22	300	1000	21	195	195	195	195	195	195
1922	19	23	300	1000	22	195	195	195	195	195	195
1923	19	24	300	333	23	195	195	195	195	195	195
1924	19	25	300	857	24	195	195	195	195	195	195
1925	19	26	300	500	25	195	195	195	195	195	195
1926	19	27	300	222	26	195	195	195	195	195	195
1927	19	28	300	100	27	195	195	195	195	195	195
1928	19	29	300	818	28	195	195	195	195	195	195
1929	19	30	300	666	29	195	195	195	195	195	195
1930	19	31	300	250	30	195	195	195	195	195	195
1931	19	32	300	111	31	195	195	195	195	195	195
1932	19	33	300	309	32	195	195	195	195	195	195
1933	19	34	300	314	33	195	195	195	195	195	195
1934	19	35	300	188	34	195	195	195	195	195	195
1935	19	36	300	200	35	195	195	195	195	195	195
1936	19	37	300	134	36	195	195	195	195	195	195
1937	19	38	300	84	37	195	195	195	195	195	195
1938	19	39	300	44	38	195	195	195	195	195	195
1939	19	40	300	112	39	195	195	195	195	195	195
1940	19	41	300	127	40	195	195	195	195	195	195
1941	19	42	300	112	41	195	195	195	195	195	195
1942	19	43	300	100	42	195	195	195	195	195	195
1943	19	44	300	88	43	195	195	195	195	195	195
1944	19	45	300	78	44	195	195	195	195	195	195
1945	19	46	300	169	45	195	195	195	195	195	195
1946	19	47	300	161	46	195	195	195	195	195	195
1947	19	48	300	153	47	195	195	195	195	195	195
1948	19	49	300	147	48	195	195	195	195	195	195
1949	19	50	300	87	49	195	195	195	195	195	195
1950	19	51	300	87	50	195	195	195	195	195	195
1951	19	52	300	87	51	195	195	195	195	195	195
1952	19	53	300	87	52	195	195	195	195	195	195
1953	19	54	300	87	53	195	195	195	195	195	195
1954	19	55	300	87	54	195	195	195	195	195	195
1955	19	56	300	87	55	195	195	195	195	195	195
1956	19	57	300	87	56	195	195	195	195	195	195
1957	19	58	300	87	57	195	195	195	195	195	195
1958	19	59	300	87	58	195	195	195	195	195	195
1959	19	60	300	37	59	195	195	195	195	195	195
1960	19	61	300	37	60	195	195	195	195	195	195
1961	19	62	300	37	61	195	195	195	195	195	195
1962	19	63	300	37	62	195	195	195	195	195	195
1963	19	64	300	37	63	195	195	195	195	195	195
1964	19	65	300	37	64	195	195	195	195	195	195
1965	19	66	300	37	65	195	195	195	195	195	195
1966	19	67	300	37	66	195	195	195	195	195	195
1967	19	68	300	37	67	195	195	195	195	195	195
1968	19	69	300	45	68	195	195	195	195	195	195
1969	19	70	300	42	69	195	195	195	195	195	195
1970	19	71	300	37	70	195	195	195	195	195	195
1971	19	72	300	37	71	195	195	195	195	195	195
1972	19	73	300	36	72	195	195	195	195	195	195
1973	19	74	300	35	73	195	195	195	195	195	195
1974	19	75	300	34	74	195	195	195	195	195	195
1975	19	76	300	34	75	195	195	195	195	195	195
1976	19	77	300	33	76	195	195	195	195	195	195
1977	19	78	300	32	77	195	195	195	195	195	195
1978	19	79	300	32	78	195	195	195	195	195	195
1979	19	80	300	31	79	195	195	195	195	195	195
1980	19	81	300	24	80	195	195	195	195	195	195
1981	19	82	300	23	81	195	195	195	195	195	195
1982	19	83	300	22	82	195	195	195	195	195	195
1983	19	84	300	21	83	195	195	195	195	195	195
1984	19	85	300	21	84	195	195	195	195	195	195
1985	19	86	300	20	85	195	195	195	195	195	195
1986	19	87	300	19	86	195	195	195	195	195	195
1987	19	88	300	19	87	195	195	195	195	195	195
1988	19	89	300	18	88	195	195	195	195	195	195
1989	19	90	300	18	89	195	195	195	195	195	195
1990	19	91	300	15	90	195	195	195	195	195	195
1991	19	92	300	14	91	195	195	195	195	195	195
1992	19	93	300	14	92	195	195	195	195	195	195
1993	19	94	300	14	93	195	195	195	195	195	195
1994	19	95	300	14	94	195	195	195	195	195	195
1995	19	96	300	14	95	195	195	195	195	195	195
1996	19	97	300	13	96	195	195	195	195	195	195
1997	19	98	300	13	97	195	195	195	195	195	195
1998	19	99	300	13	98	195	195	195	195	195	195
1999	19	100	0	0	0	195	195	195	195	195	195
2000	37	1	100	3500	0	10	10	10	10	10	10
2001	37	2	115	2000	1	15	15	15	15	15	15
2002	37	3	132	1000	1	21	21	21	21	21	21
2003	37	4	151	500	1	30	30	30	30	30	30
2004	37	5	173	500	1	44	44	44	44	44	44
2005	37	6	199	200	5	70	70	70	70	70	70
2006	37	7	228	200	5	93	93	93	93	93	93
2007	37	8	261	200	7	135	135	135	135	135	135
2008	37	9	300	200	8	195	195	195	195	195	195
2009	37	10	300	1000	9	195	195	195	195	195	195
2010	37	11	300	1000	10	195	195	195	195	195	195
2011	37	12	300	1000	11	195	195	195	195	195	195
2012	37	13	300	1000	12	195	195	195	195	195	195
2013	37	14	300	1000	13	195	195	195	195	195	195
2014	37	15	300	1000	14	195	195	195	195	195	195
2015	37	16	300	1000	15	195	195	195	195	195	195
2016	37	17	300	1000	16	195	195	195	195	195	195
2017	37	18	300	1000	17	195	195	195	195	195	195
2018	37	19	300	1000	18	195	195	195	195	195	195
2019	37	20	300	1000	19	195	195	195	195	195	195
2020	37	21	300	2666	20	195	195	195	195	195	195
2021	37	22	300	1000	21	195	195	195	195	195	195
2022	37	23	300	1000	22	195	195	195	195	195	195
2023	37	24	300	333	23	195	195	195	195	195	195
2024	37	25	300	857	24	195	195	195	195	195	195
2025	37	26	300	500	25	195	195	195	195	195	195
2026	37	27	300	222	26	195	195	195	195	195	195
2027	37	28	300	100	27	195	195	195	195	195	195
2028	37	29	300	818	28	195	195	195	195	195	195
2029	37	30	300	666	29	195	195	195	195	195	195
2030	37	31	300	250	30	195	195	195	195	195	195
2031	37	32	300	111	31	195	195	195	195	195	195
2032	37	33	300	309	32	195	195	195	195	195	195
2033	37	34	300	314	33	195	195	195	195	195	195
2034	37	35	300	188	34	195	195	195	195	195	195
2035	37	36	300	200	35	195	195	195	195	195	195
2036	37	37	300	134	36	195	195	195	195	195	195
2037	37	38	300	84	37	195	195	195	195	195	195
2038	37	39	300	44	38	195	195	195	195	195	195
2039	37	40	300	112	39	195	195	195	195	195	195
2040	37	41	300	127	40	195	195	195	195	195	195
2041	37	42	300	112	41	195	195	195	195	195	195
2042	37	43	300	100	42	195	195	195	195	195	195
2043	37	44	300	88	43	195	195	195	195	195	195
2044	37	45	300	78	44	195	195	195	195	195	195
2045	37	46	300	169	45	195	195	195	195	195	195
2046	37	47	300	161	46	195	195	195	195	195	195
2047	37	48	300	153	47	195	195	195	195	195	195
2048	37	49	300	147	48	195	195	195	195	195	195
2049	37	50	300	87	49	195	195	195	195	195	195
2050	37	51	300	87	50	195	195	195	195	195	195
2051	37	52	300	87	51	195	195	195	195	195	195
2052	37	53	300	87	52	195	195	195	195	195	195
2053	37	54	300	87	53	195	195	195	195	195	195
2054	37	55	300	87	54	195	195	195	195	195	195
2055	37	56	300	87	55	195	195	195	195	195	195
2056	37	57	300	87	56	195	195	195	195	195	195
2057	37	58	300	87	57	195	195	195	195	195	195
2058	37	59	300	87	58	195	195	195	195	195	195
2059	37	60	300	37	59	195	195	195	195	195	195
2060	37	61	300	37	60	195	195	195	195	195	195
2061	37	62	300	37	61	195	195	195	195	195	195
2062	37	63	300	37	62	195	195	195	195	195	195
2063	37	64	300	37	63	195	195	195	195	195	195
2064	37	65	300	37	64	195	195	195	195	195	195
2065	37	66	300	37	65	195	195	195	195	195	195
2066	37	67	300	37	66	195	195	195	195	195	195
2067	37	68	300	37	67	195	195	195	195	195	195
2068	37	69	300	45	68	195	195	195	195	195	195
2069	37	70	300	42	69	195	195	195	195	195	195
2070	37	71	300	37	70	195	195	195	195	195	195
2071	37	72	300	37	71	195	195	195	195	195	195
2072	37	73	300	36	72	195	195	195	195	195	195
2073	37	74	300	35	73	195	195	195	195	195	195
2074	37	75	300	34	74	195	195	195	195	195	195
2075	37	76	300	34	75	195	195	195	195	195	195
2076	37	77	300	33	76	195	195	195	195	195	195
2077	37	78	300	32	77	195	195	195	195	195	195
2078	37	79	300	32	78	195	195	195	195	195	195
2079	37	80	300	31	79	195	195	195	195	195	195
2080	37	81	300	24	80	195	195	195	195	195	195
2081	37	82	300	23	81	195	195	195	195	195	195
2082	37	83	300	22	82	195	195	195	195	195	195
2083	37	84	300	21	83	195	195	195	195	195	195
2084	37	85	300	21	84	195	195	195	195	195	195
2085	37	86	300	20	85	195	195	195	195	195	195
2086	37	87	300	19	86	195	195	195	195	195	195
2087	37	88	300	19	87	195	195	195	195	195	195
2088	37	89	300	18	88	195	195	195	195	195	195
2089	37	90	300	18	89	195	195	195	195	195	195
2090	37	91	300	15	90	195	195	195	195	195	195
2091	37	92	300	14	91	195	195	195	195	195	195
2092	37	93	300	14	92	195	195	195	195	195	195
2093	37	94	300	14	93	195	195	195	195	195	195
2094	37	95	300	14	94	195	195	195	195	195	195
2095	37	96	300	14	95	195	195	195	195	195	195
2096	37	97	300	13	96	195	195	195	195	195	195
2097	37	98	300	13	97	195	195	195	195	195	195
2098	37	99	300	13	98	195	195	195	195	195	195
2099	37	100	0	0	0	195	195	195	195	195	195
