INT	INT	INT	INT	STRING	STRING	INT	INT	INT	INT	INT	INT	INT
ID	class			Name	Icon	CostMoney	MaterialId	MaterialCount		外观	外观	外观
1	0	1	1	飞羚	PetSoulEquip1_5	50000	38002529	40	1	797	797	797
2	0	1	2	苍狼	PetSoulEquip1_3	50000	38002528	40	1	797	797	797
3	0	1	3	灵蝉	PetSoulEquip1_10	50000	38002527	40	1	797	797	797
4	0	1	4	白驹	PetSoulEquip1_2	50000	38002526	40	1	797	797	797
5	0	1	5	赤熊	PetSoulEquip1_4	50000	38002525	40	1	797	797	797
6	1	1	6	鹿蜀	PetSoulEquip1_11	50000	38002674	1	0	792	793	794
7	1	1	7	金乌	PetSoulEquip1_7	50000	38002674	1	0	777	778	779
8	1	1	8	霜鹤	PetSoulEquip1_13	50000	38002674	1	0	784	785	786
9	1	1	9	幻蝶	PetSoulEquip1_6	50000	38002674	1	0	775	776	767
10	1	1	10	锦鳞	PetSoulEquip1_8	50000	38002674	1	0	790	791	769
11	2	1	11	九尾	PetSoulEquip1_9	50000	38002673	1	0	781	782	783
12	2	1	12	朱雀	PetSoulEquip1_15	50000	38002673	1	0	770	771	772
13	2	1	13	白虎	PetSoulEquip1_1	50000	38002673	1	0	773	774	768
14	2	1	14	玄武	PetSoulEquip1_14	50000	38002673	1	0	787	788	789
15	2	1	15	青龙	PetSoulEquip1_12	50000	38002673	1	0	795	796	780
